nid	count	multiplicity	sum	msum
T1592_002	6060	7474	2845.2587	3670.5498
T1587_001=T1588_001	3835	4790	2000.5386	2548.0489
T1583_004=T1584_004	2735	3220	1323.0414	1594.8664
T1059_001	760	966	485.0038	644.7139
T1589_001	752	1088	463.6613	724.51
T1071_004=T1590_002	610	880	402.7908	558.6372
TA0003	555	627	201.6302	241.0007
T1588_002	554	666	293.1859	373.8746
TA0002	536	688	233.7787	331.1356
T1583_001=T1584_001	345	565	190.2167	319.2255
T1078	310	315	92.0985	93.764
T1587_004=T1588_005	285	390	152.2308	214.6784
T1053_005	268	364	76.597	116.6882
T1090	240	270	144.111	165.5347
TA0011	219	267	130.2594	164.0259
T1021_004	172	286	88.8238	166.0702
TA0008	159	168	67.4434	73.6019
T1056_001	156	162	48.8423	52.3226
T1566	148	178	85.2839	111.4741
T1218_011	148	192	84.8418	119.762
T1588_006	142	172	77.4325	98.1289
T1078_003	135	195	34.1505	51.0076
TA0001	131	134	59.2485	61.2563
T1583_006=T1584_006	130	140	74.5933	80.578
TA0010	129	140	57.732	65.2425
T1059_006	128	156	73.5743	94.785
TA0007	127	139	60.7861	67.4948
T1055	126	150	64.8671	77.6747
T1110	124	132	69.3976	75.2644
T1587_003=T1588_004=T1596_003	119	168	144.5843	165.5693
T1592_001	116	140	74.6379	93.927
T1047	110	112	75.1641	76.3734
T1059_007	108	130	52.78	68.4757
T1014	102	132	39.5296	58.5181
T1583_005=T1584_005	95	150	51.8009	84.7474
T1574_002	88	88	28.0554	28.0554
T1574_001	88	92	31.1967	32.8273
T1133	87	90	39.8592	41.4962
T1078_002	85	105	24.466	31.7153
T1590_005	84	100	56.9603	71.4439
TA0043	83	87	47.1752	50.3958
T1055_012	75	81	32.3216	36.0538
T1587_002=T1588_003	75	100	41.7509	56.716
T1021_005	72	120	41.5616	81.7874
T1598	72	96	50.7506	68.7811
T1543_003	72	84	32.2067	38.81
T1566_001=T1598_002	70	75	38.0271	40.7396
T1593	68	68	53.1252	53.1252
T1593_001	66	90	48.6381	67.9978
TA0004	65	68	29.9012	31.7542
T1218_010	62	94	36.6544	64.3659
TA0009	61	61	33.3029	33.3029
T1001_002=T1027_003	60	70	35.5128	42.6486
T1053_003	56	76	15.2052	23.5785
T1586_002=T1585_002	55	85	31.1777	49.1393
T1550_002	54	66	24.7429	30.6482
T1505_003	52	66	39.1687	52.1481
T1543_001	51	75	22.7185	35.7434
T1078_004	50	80	15.0993	26.3007
T1021	50	56	33.2916	38.433
T1566_002=T1598_003	50	70	25.9033	37.1444
T1036	50	52	36.3833	38.3814
TA0040	48	62	28.6026	37.6082
T1053	48	52	14.8259	16.2256
T1592_003	48	68	27.3323	42.3661
T1087_002=T1136_002	45	50	24.7108	27.4251
T1059_005	42	52	27.8302	35.3065
T1553_002	42	80	31.0278	64.5538
T1543_004	42	63	19.9792	32.0264
T1078_001	40	50	13.4591	17.3905
T1087_004=T1136_003	40	40	22.8889	22.8889
T1596	40	42	29.3672	30.8394
T1003	40	40	29.7658	29.7658
T1557	39	39	18.7258	18.7258
T1106	38	42	22.0117	25.2637
T1542_003	36	39	10.9771	11.8584
T1588	36	36	26.5518	26.5518
T1053_004	36	80	11.2302	29.8649
T1587	36	36	23.406	23.406
T1218_005	36	62	17.8329	41.8203
T1586	36	36	25.5457	25.5457
T1586_001=T1585_001	35	65	18.859	36.8444
T1087_001=T1136_001	35	45	18.3847	23.8505
T1584	34	34	25.2208	25.2208
T1595	34	38	24.9883	27.8934
T1583	34	34	25.1341	25.1341
T1594	34	34	25.5346	25.5346
T1559_001	34	42	26.0292	32.7708
T1550_003	33	42	17.7581	23.4949
T1543_002	33	39	14.5424	17.5687
T1204_002	32	34	19.6485	21.6237
T1102	32	66	25.6039	56.9984
T1204	32	32	20.9704	20.9704
T1218_007	32	54	18.5568	39.3852
T1552_004	32	36	18.1773	21.4679
T1218_002	32	76	23.1743	60.051
T1548_002	30	30	15.5686	15.5686
T1189	30	38	18.7087	25.0169
T1056	30	30	16.1385	16.1385
T1112	30	40	17.1053	22.6388
T1197	30	36	12.8649	16.6712
T1068	28	28	19.3224	19.3224
T1021_001	28	30	20.9032	22.7962
T1003_004	28	36	20.4253	28.2742
T1585	28	28	18.6623	18.6623
T1059_003	28	30	18.238	20.1593
T1190	28	28	15.4122	15.4122
T1037_005	27	42	13.7349	22.7756
T1546_008	27	39	10.6391	16.8624
T1059_002	26	46	15.4706	31.6263
T1199	26	26	16.7312	16.7312
T1059	26	26	17.9525	17.9525
T1203	24	24	15.597	15.597
T1219	24	24	15.4457	15.4457
T1558_001	24	40	18.2244	30.6453
T1555_003	24	28	18.9562	22.8813
T1137_003	24	34	17.8839	27.204
T1204_001	24	28	17.6335	21.2699
T1113	24	24	13.1706	13.1706
T1040	24	27	12.1593	14.1488
T1021_002	24	24	15.9316	15.9316
T1213_002	22	34	15.9037	26.4822
T1601	22	22	14.263	14.263
T1195	22	24	13.4678	15.1674
T1055_013	21	57	9.5211	30.4096
T1003_006	20	40	13.6721	28.9254
T1558_003	20	20	11.343	11.343
T1205_001	20	20	6.7577	6.7577
T1574	20	20	5.7303	5.7303
T1583_002=T1584_002	20	20	10.9225	10.9225
T1213_003	20	28	14.5095	21.4908
T1583_003=T1584_003	20	20	10.8521	10.8521
T1082	18	20	15.421	17.3558
TA0006	18	18	9.6684	9.6684
T1212	18	18	13.1348	13.1348
T1218_014	18	50	12.5384	42.3611
T1211	18	18	11.0791	11.0791
T1546_011	18	24	8.7738	12.1149
T1070_004	18	18	7.1317	7.1317
T1497	18	27	11.2549	16.5615
T1497_001	18	18	8.285	8.285
T1573_002	18	22	12.6672	16.6595
T1546_010	18	24	9.4567	12.728
T1555_001	18	42	13.4034	33.1336
T1601_001	18	18	13.9104	13.9104
T1069_001	18	18	10.5125	10.5125
T1001_001	18	20	11.875	13.3725
T1569_002	18	18	8.7996	8.7996
T1012	18	18	13.0664	13.0664
T1059_004	18	20	13.2282	15.1879
T1566_003	18	18	12.3218	12.3218
T1134_005	18	18	9.3109	9.3109
TA0005	18	20	9.352	10.8919
T1542_001	18	30	9.811	17.4003
T1087_003	18	20	11.6108	13.1366
T1596_002	18	32	14.9248	28.0519
T1589_002	18	22	11.7572	15.1851
T1569_001	18	40	11.0082	29.7665
T1176	16	20	11.3413	15.1161
T1127_001	16	40	11.3474	33.3832
T1210	16	16	10.7898	10.7898
T1071_001	16	16	9.7866	9.7866
T1218_003	16	58	12.8305	49.2189
T1553_004	16	16	11.126	11.126
T1003_003	16	28	11.338	22.5246
T1008	16	16	7.332	7.332
T1534	16	22	12.2412	18.1934
T1218_004	16	36	12.3242	30.8545
T1090_004	16	18	12.5379	14.5328
T1555_004	16	20	13.0245	16.8389
T1556_001	16	16	5.3851	5.3851
T1485	16	18	11.7952	13.7288
T1105	16	16	9.3448	9.3448
T1559_002	16	16	12.1199	12.1199
T1021_003	16	18	12.9821	14.5686
T1550	15	15	6.1329	6.1329
T1546_002	15	36	5.4702	18.203
T1546_009	15	18	8.3912	10.3403
T1546_014	15	51	7.9643	30.7437
T1547_006	15	15	7.0005	7.0005
T1564_005	14	20	9.4699	13.8293
T1110_003	14	20	9.2825	14.3862
T1552_001	14	14	6.3246	6.3246
T1018	14	14	7.3406	7.3406
T1137_004	14	20	12.3922	18.3628
T1070_006	12	12	4.1385	4.1385
T1547_009	12	12	2.6246	2.6246
T1550_004	12	12	4.7014	4.7014
T1221	12	24	5.5721	16.4543
T1560	12	12	7.0432	7.0432
T1021_006	12	12	9.5994	9.5994
T1556_004	12	12	3.0447	3.0447
T1556_003	12	12	3.5492	3.5492
T1119	12	14	5.1876	6.674
T1057	12	12	8.6181	8.6181
T1552_005	12	14	10.3485	12.256
T1547_013	12	27	5.8973	15.7062
T1499_004	12	12	7.4918	7.4918
T1542_004	12	15	4.223	5.4547
T1069_002	12	12	5.7052	5.7052
T1110_002	12	20	8.8184	15.6076
T1574_012	12	76	5.5911	34.9453
T1547_001	12	12	3.6226	3.6226
T1547_012	12	33	5.6906	18.0451
T1547_002	12	12	3.665	3.665
T1090_003	12	12	9.2696	9.2696
T1574_006	12	12	3.3714	3.3714
T1055_005	12	12	4.726	4.726
T1542	12	12	5.8721	5.8721
T1574_004	12	16	3.3916	4.7807
T1547_014	12	27	6.8554	16.1557
T1547_005	12	12	4.9599	4.9599
T1542_005	12	12	6.3223	6.3223
T1037	12	12	6.1918	6.1918
T1547_015	12	78	6.1312	46.4924
T1550_001	12	12	4.0455	4.0455
T1137_002	12	34	10.3947	30.834
T1027	12	12	9.1261	9.1261
T1137_006	12	50	10.2022	46.474
T1140	12	12	9.3619	9.3619
T1547_003	12	24	6.1964	13.6134
T1187	12	12	5.0156	5.0156
T1053_006	12	36	5.2439	15.3891
T1110_001	10	10	6.9272	6.9272
T1561_002	10	10	6.4462	6.4462
T1498	10	10	8.2772	8.2772
T1218_008	10	28	7.9737	24.4485
T1555_005	10	14	7.1747	11.0719
T1608_001	10	12	6.7439	8.6716
T1218_012	10	36	8.5521	32.2962
T1559	10	10	6.3514	6.3514
T1083	10	10	8.7481	8.7481
T1025	10	10	5.793	5.793
T1216_001	10	26	8.1517	22.2507
T1578_002	10	10	8.0348	8.0348
T1132	10	26	5.9484	21.6742
T1568	10	12	6.3751	8.3672
T1567	10	10	6.6736	6.6736
T1136	10	10	6.35	6.35
T1528	10	10	5.8341	5.8341
T1552_003	10	10	6.1517	6.1517
T1003_007	10	16	8.0955	13.1545
T1564_003	10	10	3.4829	3.4829
T1036_002	10	10	6.9103	6.9103
T1115	10	10	3.8226	3.8226
T1048	10	10	5.8527	5.8527
T1552_006	10	10	7.8268	7.8268
T1553_001	10	10	7.3516	7.3516
T1213_001	10	18	8.5502	14.8811
T1499	10	10	8.2791	8.2791
T1055_003	9	15	4.9648	8.6955
T1557_001	9	9	4.4215	4.4215
T1091	9	9	1.642	1.642
T1055_001	9	12	3.8619	5.3362
T1546_004	9	9	3.6407	3.6407
T1542_002	9	12	5.044	7.0319
T1056_004	9	9	4.56	4.56
T1546_005	9	27	3.2293	13.5186
T1547_004	9	9	3.6765	3.6765
T1037_004	9	33	4.6203	18.389
T1546_015	9	9	4.9988	4.9988
T1546_013	9	12	4.9445	6.8852
T1547_010	9	9	4.6412	4.6412
T1546_012	9	9	5.0752	5.0752
T1546_001	9	9	3.4618	3.4618
T1123	8	8	2.036	2.036
T1518_001	8	8	7.4394	7.4394
T1600	8	8	4.0069	4.0069
T1490	8	8	3.2587	3.2587
T1565_002	8	10	3.123	4.6916
T1137_005	8	18	6.3413	15.778
T1596_004	8	10	6.5056	8.431
T1606_002	8	14	6.4957	12.1248
T1200	8	8	4.6258	4.6258
T1090_001	8	10	6.2272	8.2249
T1595_002	8	8	6.08	6.08
T1486	8	8	5.0603	5.0603
T1539	8	8	6.4093	6.4093
T1568_001	8	8	6.4017	6.4017
T1568_002	8	8	6.5634	6.5634
T1087	8	8	3.0407	3.0407
T1201	8	8	5.4397	5.4397
T1496	8	10	3.3897	5.233
T1003_001	8	8	4.9087	4.9087
T1102_001	8	10	4.3292	6.2828
T1053_007	8	8	2.5078	2.5078
T1574_008	8	8	2.5633	2.5633
T1574_009	8	8	2.5342	2.5342
T1574_007	8	8	2.9997	2.9997
T1218_013	8	30	6.7629	27.1303
T1059_008	8	8	5.0523	5.0523
T1053_002	8	8	3.2778	3.2778
T1071	8	8	4.8565	4.8565
T1111	8	8	3.3662	3.3662
T1074	8	8	5.2746	5.2746
T1482	8	10	4.7725	6.4371
T1205	8	16	3.4124	7.3538
T1564	8	12	5.0707	9.0629
T1569	8	8	5.8161	5.8161
T1557_002	6	6	2.9265	2.9265
T1589_003	6	10	4.8369	8.4885
T1548_001	6	6	0.04	0.04
T1570	6	6	3.0332	3.0332
T1571	6	6	3.212	3.212
T1572	6	8	4.2867	6.2518
T1596_005	6	8	3.3724	5.2636
T1565	6	6	2.9209	2.9209
T1564_004	6	8	5.6656	7.64
T1599	6	6	2.653	2.653
T1600_001	6	6	3.236	3.236
T1573	6	6	2.1106	2.1106
T1563_002	6	8	5.2082	7.1803
T1547_008	6	6	2.7359	2.7359
T1593_002	6	8	4.9222	6.8239
T1592	6	6	3.7566	3.7566
T1562_009	6	6	5.2732	5.2732
T1562_001	6	6	3.6479	3.6479
T1562	6	6	4.2766	4.2766
T1606_001	6	10	5.2428	9.1598
T1561_001	6	6	3.5091	3.5091
T1608_003	6	6	5.034	5.034
T1608_005	6	12	5.2179	11.1375
T1610	6	6	1.4753	1.4753
T1558_004	6	8	3.445	5.2854
T1568_003	6	6	5.003	5.003
T1611	6	6	4.0516	4.0516
T1614	6	6	5.5773	5.5773
T1552_002	6	6	3.8826	3.8826
T1590_004	6	6	3.1663	3.1663
T1563_001	6	6	4.7125	4.7125
T1505_002	6	10	4.5274	8.4817
T1491	6	10	4.1227	7.597
T1055_008	6	6	3.1039	3.1039
T1480	6	8	5.1876	6.9398
T1480_001	6	18	5.0003	16.3898
T1033	6	6	5.6257	5.6257
T1095	6	6	3.9732	3.9732
T1207	6	8	5.2038	7.1812
T1484	6	6	2.7873	2.7873
T1072	6	6	1.4513	1.4513
T1098	6	6	5.0373	5.0373
T1498_002	6	10	3.6685	7.317
T1110_004	6	6	3.1819	3.1819
T1041	6	6	2.4044	2.4044
T1046	6	6	1.8075	1.8075
T1104	6	6	1.3942	1.3942
T1056_003	6	6	1.7765	1.7765
T1055_014	6	12	3.4022	7.2598
T1055_011	6	6	3.416	3.416
T1055_004	6	6	1.9441	1.9441
T1129	6	6	3.2618	3.2618
T1027_006	6	22	5.0328	19.0436
T1007	6	6	5.7717	5.7717
T1134	6	6	0.04	0.04
T1546_007	6	6	2.9923	2.9923
T1137_001	6	6	4.8725	4.8725
T1080	6	6	3.9099	3.9099
T1546_003	6	6	3.1166	3.1166
T1134_004	6	6	0.9815	0.9815
T1543	6	6	2.2464	2.2464
T1005	6	6	1.2822	1.2822
T1055_009	6	18	3.3884	11.0443
T1134_002	6	6	2.782	2.782
T1016	6	6	1.9904	1.9904
T1134_001	6	6	3.6996	3.6996
T1020	6	6	1.9595	1.9595
T1020_001	6	6	5.049	5.049
T1027_001	6	8	2.0074	3.9747
T1027_002	6	10	5.6603	9.6433
T1526	6	8	3.1575	4.7027
T1580	4	4	1.148	1.148
T1090_002	4	6	1.9837	3.9474
T1573_001	4	4	3.1531	3.1531
T1578_004	4	4	1.6448	1.6448
T1578_001	4	4	1.8217	1.8217
T1574_011	4	4	1.3424	1.3424
T1574_010	4	4	0.02	0.02
T1098_004	4	4	3.3173	3.3173
T1102_003	4	4	1.2723	1.2723
T1114	4	4	0.04	0.04
T1120	4	4	2.2751	2.2751
T1124	4	4	2.2869	2.2869
T1125	4	4	0.04	0.04
T1127	4	4	1.4792	1.4792
T1132_001	4	4	1.4309	1.4309
T1135	4	4	0.04	0.04
T1074_002	4	4	2.731	2.731
T1574_005	4	4	0.02	0.02
T1070_005	4	4	0.04	0.04
T1036_005	4	4	2.8111	2.8111
T1001_003	4	4	1.3863	1.3863
T1003_002	4	4	3.9811	3.9811
T1003_005	4	4	1.8739	1.8739
T1010	4	4	2.334	2.334
T1620	4	4	2.5983	2.5983
T1027_004	4	4	0.04	0.04
T1027_005	4	4	2.0277	2.0277
T1029	4	4	0.04	0.04
T1601_002	4	4	1.5559	1.5559
T1030	4	4	0.04	0.04
T1600_002	4	4	1.5804	1.5804
T1036_001	4	4	2.9647	2.9647
T1598_001	4	4	3.2052	3.2052
T1596_001	4	4	3.7064	3.7064
T1070_003	4	4	0.04	0.04
T1039	4	4	1.9378	1.9378
T1592_004	4	8	1.872	5.5759
T1049	4	4	0.04	0.04
T1053_001	4	4	1.4894	1.4894
T1591_002	4	8	1.8813	5.6038
T1590_006	4	8	1.9509	5.8127
T1590_003	4	4	1.8976	1.8976
T1590	4	4	2.6385	2.6385
T1185	4	4	1.856	1.856
T1069	4	4	0.04	0.04
T1069_003	4	4	1.8352	1.8352
T1070	4	4	2.021	2.021
T1070_001	4	4	3.7936	3.7936
T1565_003	4	4	0.04	0.04
T1001	4	4	0.04	0.04
T1565_001	4	4	0.04	0.04
T1562_002	4	4	2.9479	2.9479
T1553	4	4	1.5988	1.5988
T1558_002	4	4	1.5953	1.5953
T1553_003	4	4	2.3972	2.3972
T1562_006	4	4	1.5121	1.5121
T1562_004	4	4	2.3452	2.3452
T1562_003	4	4	1.6736	1.6736
T1498_001	4	4	3.9638	3.9638
T1555_002	4	4	1.3869	1.3869
T1217	4	4	2.3005	2.3005
T1562_010	4	4	1.9995	1.9995
T1218_001	4	4	2.964	2.964
T1218_009	4	4	3.7478	3.7478
T1495	4	4	2.6673	2.6673
T1556	4	4	1.2023	1.2023
T1491_002	4	4	3.9978	3.9978
T1556_002	4	4	0.02	0.02
T1491_001	4	4	4.0	4.0
T1220	4	4	2.5239	2.5239
T1216	4	4	0.04	0.04
T1222	4	4	2.6049	2.6049
T1505_001	4	6	3.7954	5.7625
T1564_001	4	4	2.7516	2.7516
T1564_007	4	4	3.0859	3.0859
T1505_004	4	4	3.0569	3.0569
T1552	4	4	2.7144	2.7144
T1195_003	4	4	2.6876	2.6876
T1564_002	4	4	1.9231	1.9231
T1202	4	4	2.2614	2.2614
T1204_003	4	4	2.0139	2.0139
T1213	4	4	2.0042	2.0042
T1518	4	4	3.988	3.988
T1563	4	4	2.0066	2.0066
T1538	4	4	1.9877	1.9877
T1484_001	3	3	1.633	1.633
T1546	3	3	0.02	0.02
TA0042	3	3	1.647	1.647
T1056_002	3	3	1.2074	1.2074
T1484_002	3	3	1.2088	1.2088
T1547_011	3	3	1.4837	1.4837
T1546_006	3	3	1.4524	1.4524
T1497_002	3	3	0.02	0.02
T1548	3	3	0.02	0.02
T1548_003	3	3	0.904	0.904
T1055_002	3	3	0.02	0.02
T1548_004	3	3	1.0611	1.0611
T1497_003	3	3	0.02	0.02
T1037_003	3	3	1.2078	1.2078
T1037_002	3	3	1.2074	1.2074
T1037_001	3	3	1.2686	1.2686
T1547_007	3	3	1.2052	1.2052
T1134_003	3	3	1.7993	1.7993
T1547	3	3	1.1008	1.1008
T1222_001	2	2	1.301	1.301
T1606	2	2	1.2222	1.2222
T1529	2	2	0.02	0.02
T1608_004	2	2	1.7204	1.7204
T1132_002	2	2	1.2017	1.2017
T1608_002	2	2	1.453	1.453
T1525	2	2	0.02	0.02
T1608	2	2	1.5226	1.5226
T1114_003	2	2	0.02	0.02
T1114_002	2	2	0.02	0.02
T1602_002	2	2	0.02	0.02
T1530	2	2	1.0603	1.0603
T1602_001	2	2	1.7174	1.7174
T1602	2	2	1.4724	1.4724
T1114_001	2	2	0.02	0.02
T1505	2	2	0.02	0.02
T1499_003	2	2	0.02	0.02
T1552_007	2	2	1.4819	1.4819
T1562_008	2	2	0.02	0.02
T1609	2	2	0.02	0.02
T1531	2	2	0.02	0.02
T1599_001	2	2	1.794	1.794
T1011	2	2	0.02	0.02
T1137	2	2	1.4059	1.4059
T1564_009	2	2	1.4529	1.4529
T1564_008	2	2	1.2074	1.2074
T1003_008	2	2	1.9861	1.9861
T1567_001	2	2	1.4777	1.4777
T1006	2	2	0.02	0.02
T1567_002	2	2	1.4931	1.4931
T1537	2	2	1.0565	1.0565
T1011_001	2	2	1.2879	1.2879
T1612	2	2	1.0532	1.0532
T1564_006	2	2	0.02	0.02
T1016_001	2	2	1.2405	1.2405
T1195_002	2	2	1.0583	1.0583
T1619	2	2	1.448	1.448
T1615	2	2	1.7089	1.7089
T1614_001	2	2	0.02	0.02
T1535	2	2	0.02	0.02
T1613	2	2	1.156	1.156
T1036_003	2	2	0.02	0.02
T1036_004	2	2	1.3798	1.3798
T1222_002	2	2	1.5457	1.5457
T1560_003	2	2	1.0709	1.0709
T1098_001	2	2	0.02	0.02
T1195_001	2	2	0.8802	0.8802
T1591	2	2	1.0687	1.0687
T1578_003	2	2	0.02	0.02
T1218	2	2	0.02	0.02
T1092	2	2	1.7664	1.7664
T1561	2	2	0.02	0.02
T1590_001	2	2	0.02	0.02
T1560_002	2	2	0.02	0.02
T1591_004	2	2	0.02	0.02
T1074_001	2	2	1.2608	1.2608
T1489	2	2	0.02	0.02
T1589	2	2	1.078	1.078
T1560_001	2	2	0.02	0.02
T1071_003	2	2	0.02	0.02
T1071_002	2	2	0.02	0.02
T1558	2	2	1.348	1.348
T1070_002	2	2	1.241	1.241
T1591_003	2	2	0.02	0.02
T1578	2	2	0.02	0.02
T1499_002	2	2	0.02	0.02
T1553_005	2	2	1.5142	1.5142
T1499_001	2	2	1.2888	1.2888
T1597_002	2	2	0.02	0.02
T1597_001	2	2	1.2122	1.2122
T1597	2	2	0.02	0.02
T1036_007	2	2	1.2179	1.2179
T1562_007	2	2	1.937	1.937
T1102_002	2	2	0.02	0.02
T1098_003	2	2	1.6979	1.6979
T1595_001	2	2	1.3141	1.3141
T1052_001	2	2	1.6065	1.6065
T1553_006	2	2	1.0613	1.0613
T1554	2	2	1.0744	1.0744
T1048_001	2	2	0.02	0.02
T1048_002	2	2	0.02	0.02
T1048_003	2	2	0.02	0.02
T1555	2	2	0.02	0.02
T1098_002	2	2	1.0786	1.0786
T1052	2	2	0.02	0.02
T1591_001	2	2	1.2193	1.2193
