idx_to	idx_fr	rel
0	1	0.9943
0	4	0.7688
0	5	0.0522
0	6	0.8107
0	7	0.0535
0	10	0.2247
0	11	0.0378
0	12	0.9900
0	13	0.0376
0	14	0.5797
0	15	0.0378
0	16	0.4084
0	17	0.8113
0	18	0.0495
0	19	0.0610
0	20	0.1080
0	21	0.0423
0	22	0.6931
0	23	0.2898
0	24	0.5112
0	26	0.0423
0	28	0.0425
0	29	0.0369
0	30	0.7196
0	31	0.0578
0	32	0.5149
0	33	0.8268
0	34	0.0522
0	35	0.0600
0	36	0.0480
0	37	0.7088
0	38	0.2178
0	39	0.8486
0	40	0.0387
0	41	0.2392
0	42	0.0677
0	44	0.0748
0	45	0.0321
0	47	0.0752
0	48	0.1555
0	49	0.1044
0	52	0.0194
0	54	0.2666
0	55	0.2817
0	56	0.0392
0	57	0.3693
0	58	0.0651
0	59	0.5229
0	60	0.1017
0	61	0.0302
0	62	0.0371
0	63	0.2540
0	64	0.2729
0	66	0.1013
0	70	0.0862
0	73	0.1531
0	74	0.6547
0	75	0.2903
0	76	0.6411
0	77	0.6336
0	78	0.0727
0	80	0.1053
0	81	0.5601
0	82	0.2159
0	83	0.0775
0	85	0.0653
0	86	0.0374
0	88	0.1468
0	89	0.1128
0	91	0.0531
0	92	0.0496
0	93	0.0669
0	94	0.1137
0	95	0.1380
0	96	0.1853
0	98	0.1159
0	99	0.0509
0	100	0.1853
0	101	0.0474
0	102	0.0230
0	103	0.0386
0	104	0.2779
0	105	0.5106
0	107	0.0700
0	108	0.0596
0	109	0.1951
0	110	0.2777
0	111	0.2689
0	112	0.0333
0	114	0.2377
0	115	0.1170
0	116	0.0909
0	118	0.0723
0	119	0.2047
0	121	0.4275
0	122	0.0525
0	123	0.4019
0	124	0.2987
1	0	0.9641
1	2	0.0568
1	4	0.5176
1	5	0.0523
1	6	0.9902
1	7	0.0553
1	8	0.3112
1	9	0.0218
1	10	0.6933
1	11	0.0380
1	12	0.9001
1	13	0.0367
1	14	0.7351
1	15	0.0388
1	17	0.6603
1	18	0.0496
1	20	0.1038
1	21	0.0410
1	22	0.7901
1	25	0.1063
1	27	0.0536
1	29	0.0378
1	30	0.9027
1	33	0.9085
1	34	0.0542
1	36	0.0439
1	37	0.9476
1	38	0.1757
1	39	0.6953
1	40	0.0394
1	41	0.5387
1	42	0.2150
1	43	0.4286
1	44	0.1090
1	45	0.0315
1	46	0.2668
1	47	0.3709
1	48	0.2221
1	50	0.3249
1	51	0.1178
1	52	0.0327
1	53	0.0326
1	54	0.1714
1	55	0.3152
1	56	0.1213
1	57	0.3016
1	58	0.0623
1	59	0.3285
1	61	0.0269
1	62	0.0945
1	63	0.6185
1	64	0.1070
1	65	0.1381
1	67	0.6516
1	68	0.1168
1	69	0.0412
1	70	0.4160
1	71	0.1123
1	72	0.0907
1	73	0.1475
1	75	0.0521
1	77	0.4564
1	78	0.0835
1	79	0.0501
1	80	0.1061
1	81	0.1850
1	82	0.0937
1	83	0.0692
1	84	0.0932
1	86	0.0210
1	87	0.2712
1	90	0.0681
1	91	0.3744
1	92	0.0616
1	97	0.1077
1	98	0.2375
1	99	0.0444
1	100	0.0944
1	101	0.0218
1	102	0.0323
1	103	0.0375
1	104	0.0994
1	106	0.0227
1	107	0.0943
1	108	0.0055
1	110	0.0626
1	111	0.3139
1	112	0.0500
1	113	0.0446
1	114	0.2209
1	115	0.3935
1	116	0.1888
1	117	0.0631
1	118	0.3018
1	119	0.1986
1	120	0.1262
1	121	0.4703
1	122	0.1948
1	123	0.5051
1	124	0.3114
2	1	0.2986
2	3	0.0567
2	4	0.0551
2	5	0.0516
2	6	0.0537
2	7	0.0513
2	11	0.0374
2	12	0.0406
2	13	0.0373
2	14	0.0373
2	15	0.0342
2	16	0.0268
2	17	0.1522
2	18	0.0466
2	21	0.0370
2	22	0.0361
2	23	0.0240
2	24	0.0253
2	29	0.0344
2	32	0.0266
2	33	0.0510
2	34	0.0495
2	36	0.0315
2	39	0.0636
2	40	0.0356
2	51	0.0067
2	55	0.0188
2	65	0.0217
2	68	0.0301
2	71	0.0055
2	72	0.0251
2	74	0.0947
2	76	0.0886
2	84	0.0289
2	88	0.0211
2	89	0.0119
2	90	0.0413
2	94	0.0123
2	95	0.0213
2	96	0.0278
2	97	0.0307
2	109	0.0312
3	2	0.0560
3	5	0.0520
3	7	0.0522
3	11	0.0370
3	13	0.0365
3	15	0.0342
3	18	0.0463
3	21	0.0374
3	29	0.0345
3	34	0.0506
3	36	0.0322
3	40	0.0366
4	0	0.2037
4	1	0.1833
4	2	0.0474
4	6	0.1724
4	7	0.0516
4	8	0.0411
4	10	0.1896
4	11	0.0383
4	12	0.4213
4	13	0.0362
4	14	0.0478
4	15	0.0324
4	16	0.0247
4	17	0.1450
4	18	0.0444
4	20	0.1853
4	21	0.0552
4	22	0.1255
4	23	0.0208
4	24	0.0275
4	25	0.0149
4	27	0.0088
4	29	0.0336
4	30	0.0955
4	32	0.0292
4	33	0.0883
4	36	0.0428
4	37	0.2062
4	38	0.0125
4	39	0.1363
4	41	0.0380
4	43	0.0436
4	46	0.0257
4	47	0.0558
4	50	0.0100
4	53	0.0073
4	54	0.0107
4	55	0.0109
4	57	0.0235
4	59	0.0185
4	62	0.0107
4	64	0.0129
4	67	0.0275
4	68	0.0060
4	72	0.0078
4	74	0.0064
4	77	0.0410
4	80	0.0913
4	82	0.0169
4	86	0.0185
4	91	0.0201
4	92	0.0062
4	98	0.0086
4	99	0.0067
4	110	0.2166
4	114	0.0530
4	119	0.0259
4	121	0.0636
5	0	0.1628
5	1	0.1081
5	2	0.0474
5	3	0.0485
5	6	0.0540
5	7	0.0516
5	8	0.0349
5	10	0.1032
5	11	0.0383
5	12	0.0846
5	13	0.0362
5	14	0.0358
5	15	0.0323
5	16	0.0061
5	17	0.0891
5	18	0.0443
5	20	0.1229
5	21	0.0540
5	23	0.0054
5	24	0.0256
5	25	0.0063
5	29	0.0334
5	32	0.0268
5	33	0.0457
5	34	0.0481
5	36	0.0428
5	37	0.0912
5	40	0.0396
5	43	0.0411
5	46	0.0063
5	67	0.0207
5	72	0.0058
5	84	0.0091
5	97	0.0103
6	0	0.4850
6	1	0.9548
6	2	0.0448
6	4	0.1860
6	5	0.0490
6	8	0.0218
6	10	0.1633
6	11	0.0339
6	12	0.3041
6	13	0.0322
6	14	0.2492
6	15	0.0356
6	16	0.1494
6	17	0.1350
6	18	0.0416
6	19	0.0210
6	20	0.1221
6	21	0.0348
6	22	0.2677
6	23	0.1282
6	24	0.6659
6	26	0.0114
6	28	0.0118
6	29	0.0300
6	30	0.1710
6	31	0.0292
6	32	0.6642
6	33	0.0827
6	34	0.0469
6	35	0.0359
6	37	0.7028
6	38	0.0535
6	39	0.0485
6	40	0.0352
6	42	0.0344
6	43	0.0966
6	46	0.0614
6	48	0.0190
6	50	0.0246
6	51	0.0476
6	53	0.0176
6	54	0.0064
6	55	0.0468
6	57	0.0253
6	58	0.0077
6	60	0.0554
6	62	0.0064
6	65	0.0590
6	66	0.0538
6	67	0.3275
6	71	0.0501
6	73	0.0128
6	75	0.0283
6	85	0.4401
6	88	0.0217
6	89	0.0789
6	93	0.4430
6	94	0.0637
6	95	0.0218
6	99	0.0105
6	104	0.0781
6	105	0.4244
6	110	0.0222
6	112	0.0781
6	118	0.2157
6	119	0.0133
6	122	0.0655
6	124	0.6036
7	0	0.2711
7	1	0.3025
7	2	0.0448
7	3	0.0462
7	4	0.0556
7	5	0.0490
7	11	0.0339
7	12	0.0507
7	13	0.0322
7	14	0.0605
7	15	0.0317
7	16	0.0253
7	17	0.0527
7	18	0.0414
7	19	0.0067
7	20	0.0664
7	21	0.0333
7	22	0.1073
7	23	0.0179
7	24	0.1047
7	29	0.0297
7	30	0.0780
7	31	0.0057
7	32	0.1121
7	33	0.0671
7	34	0.0467
7	35	0.0074
7	36	0.0290
7	37	0.1164
7	38	0.0283
7	39	0.0473
7	40	0.0339
7	43	0.0315
7	44	0.0279
7	51	0.0221
7	56	0.0324
7	57	0.0112
7	60	0.0144
7	65	0.0268
7	66	0.0149
7	67	0.1883
7	70	0.0633
7	71	0.0096
7	85	0.0294
7	93	0.0297
7	94	0.0070
7	117	0.0827
8	1	0.7164
8	4	0.4294
8	6	0.6015
8	10	0.1006
8	12	0.6773
8	14	0.4917
8	16	0.2706
8	17	0.3216
8	19	0.0491
8	20	0.0430
8	22	0.3698
8	23	0.1484
8	24	0.1237
8	26	0.0338
8	28	0.0337
8	30	0.5888
8	31	0.0402
8	32	0.1172
8	33	0.5862
8	35	0.0363
8	37	0.6336
8	38	0.1932
8	39	0.3489
8	41	0.2083
8	42	0.0359
8	44	0.0569
8	48	0.1538
8	49	0.0894
8	54	0.0472
8	55	0.0446
8	57	0.1980
8	59	0.3012
8	60	0.0145
8	63	0.0963
8	64	0.1086
8	66	0.0134
8	73	0.0517
8	74	0.0191
8	75	0.0901
8	76	0.0210
8	77	0.1977
8	78	0.0579
8	80	0.0546
8	81	0.0638
8	82	0.0634
8	83	0.0741
8	88	0.0262
8	89	0.0126
8	92	0.0136
8	94	0.0116
8	95	0.0156
8	96	0.0055
8	99	0.0180
8	100	0.1853
8	104	0.0258
8	105	0.3855
8	107	0.0700
8	109	0.0068
8	110	0.1285
8	112	0.0161
8	114	0.0633
8	115	0.1170
8	116	0.0727
8	118	0.0723
8	122	0.0487
8	123	0.3222
8	124	0.2918
9	1	0.6969
9	4	0.3974
9	6	0.5559
9	10	0.0687
9	12	0.5795
9	14	0.4810
9	16	0.2490
9	17	0.2125
9	19	0.0482
9	20	0.0430
9	22	0.3539
9	23	0.1320
9	24	0.1186
9	26	0.0331
9	27	0.0301
9	28	0.0329
9	30	0.5825
9	31	0.0395
9	32	0.1118
9	33	0.5024
9	35	0.0354
9	36	0.0145
9	37	0.5436
9	38	0.1828
9	39	0.1966
9	41	0.2028
9	42	0.0359
9	44	0.0503
9	45	0.0245
9	48	0.1538
9	49	0.0803
9	51	0.0374
9	52	0.0157
9	53	0.0967
9	54	0.0472
9	55	0.0446
9	56	0.0247
9	57	0.1971
9	59	0.2180
9	60	0.0127
9	61	0.0071
9	62	0.0162
9	63	0.0963
9	64	0.1050
9	65	0.0119
9	66	0.0116
9	68	0.0054
9	69	0.0407
9	70	0.0221
9	71	0.0269
9	72	0.0091
9	73	0.0451
9	74	0.0164
9	75	0.0479
9	76	0.0176
9	77	0.1897
9	78	0.0579
9	79	0.0261
9	80	0.0546
9	81	0.0638
9	82	0.0527
9	83	0.0741
9	84	0.0106
9	85	0.0276
9	88	0.0181
9	89	0.0092
9	90	0.0054
9	92	0.0123
9	93	0.0272
9	94	0.0084
9	95	0.0074
9	99	0.0168
9	100	0.1853
9	101	0.0165
9	102	0.0210
9	103	0.0350
9	104	0.0236
9	105	0.3855
9	107	0.0700
9	108	0.0284
9	110	0.0467
9	112	0.0139
9	113	0.0240
9	115	0.1170
9	116	0.0727
9	117	0.0303
9	118	0.0723
9	122	0.0487
9	123	0.3222
9	124	0.2918
10	0	0.0296
10	1	0.1733
10	4	0.0601
10	5	0.0270
10	6	0.0313
10	12	0.1649
10	13	0.0473
10	14	0.0502
10	15	0.0184
10	16	0.0304
10	17	0.0539
10	22	0.1335
10	23	0.0170
10	24	0.0577
10	30	0.0420
10	32	0.0568
10	33	0.0306
10	34	0.0349
10	37	0.0645
10	38	0.0061
10	39	0.0852
10	47	0.0050
10	49	0.0132
10	56	0.0050
10	57	0.0490
10	59	0.0249
10	64	0.0224
10	83	0.0068
10	86	0.0249
10	92	0.0224
10	103	0.0068
10	104	0.0294
10	119	0.0092
11	0	0.0254
11	1	0.0691
11	2	0.0241
11	3	0.0242
11	4	0.0316
11	5	0.0269
11	6	0.0262
11	7	0.0250
11	12	0.0691
11	13	0.0471
11	14	0.0277
11	15	0.0184
11	16	0.0268
11	17	0.0424
11	18	0.0323
11	21	0.0465
11	22	0.0347
11	23	0.0138
11	29	0.0241
11	33	0.0234
11	34	0.0348
11	36	0.0216
11	40	0.0268
11	49	0.0126
11	86	0.0104
11	92	0.0104
12	0	0.0977
12	1	0.1255
12	2	0.0213
12	4	0.2668
12	5	0.0226
12	6	0.1357
12	7	0.0211
12	8	0.0296
12	10	0.2764
12	11	0.0418
12	14	0.0317
12	15	0.0166
12	16	0.0257
12	17	0.1535
12	18	0.0260
12	19	0.0063
12	20	0.2050
12	21	0.0246
12	22	0.5439
12	23	0.0145
12	24	0.0222
12	25	0.0324
12	26	0.0059
12	27	0.0324
12	28	0.0060
12	29	0.0217
12	30	0.1443
12	32	0.0241
12	33	0.1766
12	34	0.0321
12	36	0.0196
12	37	0.4007
12	38	0.0104
12	39	0.3678
12	40	0.0232
12	41	0.0193
12	42	0.0050
12	43	0.0071
12	47	0.0306
12	49	0.0053
12	50	0.0063
12	53	0.0131
12	55	0.0115
12	57	0.1129
12	60	0.0089
12	64	0.0848
12	66	0.0094
12	73	0.0516
12	74	0.0053
12	75	0.1221
12	79	0.0158
12	82	0.0919
12	91	0.0102
12	92	0.0215
12	98	0.0441
12	99	0.0124
12	101	0.0091
12	104	0.0880
12	108	0.0175
12	112	0.0145
12	114	0.4563
12	119	0.1117
12	121	0.2344
13	0	0.0245
13	1	0.0467
13	2	0.0213
13	3	0.0211
13	4	0.0276
13	5	0.0225
13	6	0.0223
13	7	0.0211
13	10	0.1321
13	11	0.0417
13	14	0.0166
13	15	0.0165
13	17	0.0270
13	18	0.0259
13	21	0.0246
13	22	0.0548
13	24	0.0109
13	29	0.0211
13	30	0.0541
13	32	0.0113
13	34	0.0312
13	36	0.0191
13	37	0.0971
13	40	0.0228
13	114	0.0265
14	0	0.1719
14	1	0.3137
14	2	0.0121
14	4	0.0840
14	5	0.0124
14	6	0.1727
14	7	0.0128
14	8	0.0294
14	10	0.1217
14	11	0.0100
14	12	0.1305
14	13	0.0102
14	16	0.0478
14	17	0.2747
14	18	0.0126
14	19	0.0140
14	22	0.2740
14	23	0.0291
14	24	0.0463
14	25	0.0356
14	26	0.0095
14	28	0.0100
14	29	0.0152
14	30	0.9766
14	31	0.0060
14	32	0.0486
14	33	0.7702
14	34	0.0092
14	35	0.0076
14	36	0.0127
14	37	0.8151
14	39	0.1701
14	40	0.0104
14	41	0.0835
14	44	0.0835
14	46	0.0060
14	49	0.0062
14	50	0.0918
14	53	0.0090
14	55	0.1963
14	57	0.1759
14	58	0.0407
14	60	0.0092
14	63	0.0079
14	64	0.0141
14	66	0.0097
14	70	0.0079
14	74	0.0112
14	76	0.0155
14	82	0.0155
14	85	0.0187
14	89	0.0052
14	93	0.0199
14	98	0.0450
14	99	0.0102
14	100	0.4716
14	101	0.0129
14	104	0.0166
14	105	0.1492
14	106	0.0422
14	112	0.0098
14	114	0.0663
14	115	0.4899
14	116	0.5443
14	118	0.2741
14	120	0.5509
14	121	0.0172
14	122	0.6259
14	123	0.3800
15	0	0.0449
15	1	0.1425
15	2	0.0120
15	3	0.0122
15	4	0.0779
15	5	0.0124
15	6	0.1003
15	7	0.0127
15	8	0.0070
15	10	0.0300
15	11	0.0100
15	12	0.0719
15	13	0.0101
15	16	0.0278
15	17	0.0902
15	18	0.0124
15	21	0.0052
15	22	0.0927
15	23	0.0185
15	24	0.0075
15	29	0.0145
15	30	0.6303
15	32	0.0084
15	33	0.4216
15	34	0.0088
15	36	0.0093
15	37	0.6085
15	39	0.0148
15	40	0.0095
15	44	0.0684
15	45	0.0185
15	49	0.0050
15	50	0.0211
15	52	0.0745
15	53	0.0056
15	55	0.0566
15	57	0.0533
15	58	0.0080
15	61	0.0205
15	69	0.0185
15	100	0.2517
15	102	0.0261
15	103	0.0378
15	104	0.0101
15	105	0.0757
15	106	0.0185
15	113	0.1759
15	114	0.0103
15	115	0.1614
15	116	0.2820
15	118	0.1865
15	120	0.0610
15	122	0.3439
16	0	0.5296
16	4	0.3435
16	6	0.7867
16	8	0.1366
16	9	0.0128
16	10	0.2026
16	12	0.7794
16	14	0.4750
16	17	0.2562
16	20	0.0280
16	22	0.6238
16	25	0.0265
16	27	0.0265
16	30	0.6995
16	33	0.7242
16	36	0.0075
16	37	0.8326
16	38	0.1037
16	39	0.3346
16	41	0.2709
16	42	0.0704
16	43	0.0840
16	44	0.0391
16	45	0.0184
16	46	0.0258
16	47	0.0676
16	48	0.1823
16	50	0.0676
16	51	0.0083
16	52	0.0268
16	53	0.0183
16	54	0.0833
16	55	0.0743
16	56	0.0131
16	57	0.1280
16	58	0.0145
16	59	0.3054
16	62	0.0476
16	63	0.0752
16	64	0.0495
16	65	0.0051
16	67	0.1443
16	68	0.0095
16	69	0.0277
16	70	0.0363
16	71	0.0076
16	72	0.0209
16	73	0.0850
16	75	0.0240
16	77	0.3629
16	78	0.0445
16	79	0.0362
16	80	0.0783
16	81	0.1171
16	82	0.0700
16	83	0.0177
16	84	0.0182
16	87	0.2103
16	91	0.1362
16	92	0.0185
16	97	0.0332
16	98	0.2071
16	99	0.0140
16	100	0.0699
16	102	0.0165
16	103	0.0177
16	104	0.0691
16	106	0.0196
16	107	0.0662
16	110	0.0343
16	111	0.0770
16	112	0.0181
16	113	0.0359
16	114	0.1045
16	115	0.2418
16	116	0.1246
16	117	0.0389
16	118	0.2625
16	119	0.1430
16	120	0.0829
16	122	0.1147
16	123	0.2765
16	124	0.2064
17	0	0.4658
17	1	0.3614
17	2	0.0066
17	4	0.0480
17	5	0.0067
17	6	0.0630
17	7	0.0066
17	8	0.0795
17	10	0.0555
17	11	0.0070
17	12	0.1439
17	13	0.0063
17	14	0.1431
17	15	0.0052
17	16	0.0461
17	22	0.2907
17	23	0.0360
17	24	0.0476
17	25	0.0104
17	27	0.0085
17	29	0.0073
17	30	0.1760
17	32	0.0459
17	33	0.3804
17	34	0.0165
17	36	0.0078
17	37	0.1131
17	38	0.0189
17	39	0.4197
17	42	0.0491
17	43	0.1469
17	46	0.0696
17	47	0.0123
17	50	0.1348
17	52	0.0138
17	57	0.1046
17	59	0.0287
17	61	0.0130
17	63	0.0099
17	65	0.0127
17	67	0.0586
17	68	0.0274
17	70	0.0099
17	72	0.0242
17	74	0.0537
17	75	0.0273
17	76	0.0608
17	77	0.0115
17	82	0.1464
17	84	0.0383
17	85	0.0051
17	86	0.0208
17	87	0.0270
17	88	0.0384
17	89	0.0255
17	90	0.0187
17	91	0.0255
17	93	0.0055
17	94	0.0214
17	95	0.0310
17	96	0.0250
17	97	0.0270
17	98	0.1767
17	99	0.0306
17	104	0.0132
17	105	0.1346
17	109	0.0309
17	110	0.0347
17	112	0.0132
17	114	0.0384
17	119	0.1719
17	121	0.4153
17	122	0.0185
18	0	0.1516
18	1	0.1013
18	2	0.0065
18	3	0.0065
18	4	0.0089
18	5	0.0067
18	6	0.0197
18	7	0.0066
18	8	0.0174
18	11	0.0069
18	12	0.0138
18	13	0.0063
18	14	0.0197
18	16	0.0223
18	22	0.0119
18	23	0.0143
18	24	0.0190
18	29	0.0070
18	30	0.0331
18	32	0.0150
18	33	0.0395
18	34	0.0163
18	36	0.0076
18	37	0.0257
18	39	0.0398
18	40	0.0075
18	42	0.0118
18	43	0.0628
18	46	0.0171
18	50	0.0237
18	58	0.0089
18	67	0.0198
18	72	0.0074
18	82	0.0171
18	84	0.0137
18	88	0.0215
18	89	0.0138
18	91	0.0056
18	94	0.0091
18	95	0.0138
18	96	0.0069
18	97	0.0089
18	105	0.0163
18	109	0.0055
18	119	0.0160
18	121	0.0326
19	0	0.1528
19	4	0.2259
19	6	0.6618
19	8	0.0280
19	9	0.0080
19	10	0.0174
19	12	0.6856
19	14	0.3620
19	17	0.0780
19	20	0.0277
19	22	0.5463
19	26	0.0256
19	27	0.0179
19	28	0.0266
19	30	0.4265
19	31	0.0109
19	33	0.5098
19	35	0.0135
19	37	0.5732
19	38	0.0644
19	39	0.1984
19	41	0.2676
19	42	0.0317
19	43	0.0053
19	44	0.0347
19	45	0.0156
19	46	0.0058
19	47	0.0193
19	48	0.1661
19	49	0.0121
19	50	0.0125
19	52	0.0221
19	53	0.0057
19	54	0.0513
19	55	0.0185
19	56	0.0080
19	57	0.0920
19	59	0.2978
19	60	0.0061
19	62	0.0144
19	64	0.0297
19	66	0.0051
19	67	0.0770
19	69	0.0244
19	70	0.0207
19	73	0.0710
19	75	0.0134
19	77	0.2954
19	79	0.0145
19	80	0.0783
19	81	0.0514
19	82	0.0665
19	85	0.0238
19	88	0.0099
19	89	0.0279
19	91	0.0799
19	93	0.0247
19	94	0.0208
19	95	0.0100
19	97	0.0152
19	98	0.1966
19	99	0.0075
19	103	0.0168
19	104	0.0577
19	107	0.0471
19	110	0.0217
19	112	0.0060
19	113	0.0337
19	114	0.0785
19	116	0.0901
19	117	0.0149
19	118	0.2441
19	119	0.1299
19	120	0.0829
19	122	0.0599
19	123	0.1983
20	0	0.0112
20	1	0.0381
20	4	0.3003
20	5	0.0061
20	6	0.0517
20	12	0.0864
20	24	0.0175
20	32	0.0155
20	39	0.0241
20	41	0.0309
20	43	0.0063
20	63	0.0162
20	70	0.0162
20	75	0.0105
20	85	0.0161
20	93	0.0139
20	104	0.0055
20	110	0.0147
20	112	0.0055
21	0	0.0098
21	1	0.0342
21	4	0.2907
21	5	0.0061
21	6	0.0426
21	11	0.0075
21	12	0.0123
21	24	0.0157
21	32	0.0135
21	39	0.0241
21	41	0.0240
21	70	0.0144
21	85	0.0144
21	93	0.0120
22	0	0.0556
22	1	0.0559
22	4	0.0596
22	6	0.0728
22	8	0.0185
22	10	0.0997
22	12	0.4454
22	14	0.3123
22	16	0.0080
22	17	0.1115
22	20	0.0177
22	24	0.0148
22	25	0.0070
22	27	0.0070
22	30	0.0914
22	32	0.0146
22	33	0.1631
22	37	0.1805
22	38	0.0308
22	39	0.2001
22	40	0.0346
22	41	0.0083
22	43	0.0072
22	48	0.0294
22	50	0.0157
22	54	0.0706
22	55	0.0303
22	58	0.0096
22	59	0.0235
22	64	0.0536
22	73	0.0088
22	74	0.0090
22	75	0.0284
22	76	0.0063
22	80	0.1249
22	82	0.0399
22	83	0.0816
22	86	0.0187
22	92	0.0444
22	98	0.0233
22	103	0.0187
22	104	0.0210
22	110	0.0379
22	119	0.1202
22	121	0.0736
22	122	0.0326
23	0	0.2640
23	4	0.1235
23	6	0.3609
23	8	0.0621
23	10	0.1713
23	12	0.2180
23	14	0.1771
23	17	0.1639
23	22	0.0963
23	25	0.0073
23	27	0.0073
23	30	0.4465
23	33	0.4525
23	37	0.5750
23	38	0.0432
23	39	0.1472
23	42	0.0393
23	43	0.0767
23	46	0.0176
23	47	0.0475
23	48	0.0171
23	50	0.0455
23	53	0.0072
23	54	0.0295
23	55	0.0457
23	57	0.0364
23	58	0.0101
23	62	0.0295
23	63	0.0544
23	64	0.0180
23	67	0.0667
23	68	0.0075
23	70	0.0152
23	71	0.0061
23	73	0.0121
23	75	0.0109
23	77	0.0216
23	78	0.0310
23	79	0.0096
23	81	0.0700
23	87	0.0176
23	91	0.0596
23	92	0.0129
23	97	0.0176
23	98	0.0128
23	104	0.0122
23	107	0.0200
23	110	0.0131
23	111	0.0811
23	112	0.0122
23	115	0.2000
23	118	0.0251
23	119	0.0143
23	123	0.0986
23	124	0.1228
24	0	0.5619
24	4	0.0487
24	6	0.7168
24	8	0.0790
24	10	0.3093
24	12	0.2068
24	14	0.1955
24	17	0.1505
24	20	0.0215
24	22	0.1933
24	25	0.0141
24	27	0.0071
24	30	0.2177
24	33	0.2138
24	37	0.1265
24	38	0.0184
24	39	0.0339
24	41	0.2169
24	42	0.0495
24	43	0.1839
24	44	0.0390
24	45	0.0059
24	46	0.0308
24	47	0.1428
24	48	0.0168
24	50	0.0341
24	51	0.0563
24	54	0.0172
24	55	0.0281
24	56	0.0575
24	57	0.0899
24	58	0.0096
24	59	0.0113
24	62	0.0109
24	63	0.3495
24	64	0.0208
24	65	0.0094
24	67	0.3326
24	68	0.0182
24	69	0.0063
24	70	0.2209
24	71	0.0556
24	72	0.0217
24	73	0.0263
24	77	0.0691
24	80	0.0159
24	82	0.0112
24	83	0.0261
24	84	0.0236
24	87	0.0307
24	90	0.0066
24	91	0.0933
24	92	0.0144
24	97	0.0307
24	98	0.0131
24	99	0.0142
24	101	0.0094
24	104	0.0053
24	111	0.1050
24	112	0.0053
24	114	0.0551
24	116	0.0167
24	119	0.0263
24	122	0.0359
25	1	0.4213
25	4	0.5322
25	6	0.0177
25	10	0.0208
25	12	0.9640
25	14	0.0765
25	16	0.0439
25	17	0.2574
25	22	0.4690
25	23	0.0273
25	24	0.0380
25	30	0.2826
25	31	0.0053
25	32	0.0384
25	33	0.5021
25	35	0.0067
25	37	0.0496
25	38	0.0193
25	39	0.6204
25	54	0.2263
25	55	0.0719
25	57	0.1999
25	58	0.0207
25	59	0.3173
25	60	0.0188
25	64	0.1778
25	66	0.0167
25	73	0.0915
25	74	0.1584
25	75	0.2149
25	76	0.1373
25	77	0.5356
25	80	0.0536
25	81	0.5301
25	82	0.1628
25	96	0.0388
25	98	0.1063
25	104	0.2074
25	105	0.0735
25	109	0.0325
25	110	0.1615
25	114	0.1759
25	119	0.1847
25	121	0.2663
26	0	0.0635
26	4	0.0669
26	6	0.2930
26	8	0.0101
26	10	0.1560
26	12	0.2055
26	14	0.1681
26	17	0.0670
26	19	0.0145
26	22	0.0851
26	27	0.0060
26	30	0.4351
26	31	0.0061
26	33	0.4245
26	35	0.0069
26	37	0.3938
26	38	0.0377
26	39	0.1485
26	42	0.0361
26	43	0.0077
26	47	0.0129
26	48	0.0172
26	50	0.0346
26	55	0.0399
26	56	0.0051
26	57	0.0350
26	58	0.0097
26	60	0.0237
26	61	0.0095
26	62	0.0309
26	63	0.0541
26	64	0.0167
26	66	0.0263
26	70	0.0143
26	75	0.0108
26	77	0.0228
26	78	0.0300
26	81	0.0692
26	85	0.0127
26	86	0.0108
26	88	0.0096
26	89	0.0126
26	91	0.0101
26	92	0.0113
26	93	0.0136
26	94	0.0085
26	98	0.0130
26	102	0.0139
26	107	0.0200
26	110	0.0129
26	111	0.0770
26	112	0.0085
26	115	0.2080
26	117	0.0243
26	118	0.0243
26	119	0.0101
26	123	0.0975
26	124	0.1171
27	1	0.4116
27	4	0.5322
27	6	0.0176
27	10	0.0208
27	12	0.9640
27	14	0.0743
27	16	0.0439
27	17	0.2572
27	19	0.0100
27	22	0.4690
27	23	0.0273
27	24	0.0363
27	26	0.0059
27	28	0.0063
27	30	0.2826
27	31	0.0053
27	32	0.0365
27	33	0.5021
27	35	0.0067
27	37	0.0496
27	38	0.0170
27	39	0.6204
27	44	0.0063
27	49	0.0079
27	53	0.0106
27	54	0.2263
27	55	0.0717
27	57	0.1999
27	58	0.0204
27	59	0.3173
27	60	0.0183
27	61	0.0097
27	62	0.0161
27	64	0.1778
27	65	0.0118
27	66	0.0162
27	68	0.1027
27	70	0.0105
27	71	0.0078
27	72	0.0118
27	73	0.0915
27	74	0.1503
27	75	0.2149
27	76	0.1345
27	77	0.5356
27	79	0.0159
27	80	0.0536
27	81	0.5301
27	82	0.1628
27	84	0.0081
27	85	0.0102
27	86	0.0344
27	90	0.0164
27	92	0.0288
27	93	0.0111
27	96	0.0308
27	98	0.1063
27	99	0.0238
27	101	0.0245
27	104	0.2074
27	105	0.0735
27	108	0.0321
27	109	0.0306
27	110	0.1615
27	112	0.0098
27	114	0.1759
27	119	0.1847
27	121	0.2663
28	0	0.0612
28	4	0.0711
28	6	0.2938
28	8	0.0102
28	10	0.1524
28	12	0.2043
28	14	0.1706
28	17	0.0659
28	19	0.0142
28	22	0.0870
28	27	0.0060
28	30	0.4443
28	31	0.0057
28	33	0.4408
28	35	0.0066
28	37	0.3985
28	38	0.0389
28	39	0.1472
28	42	0.0361
28	43	0.0078
28	47	0.0117
28	48	0.0171
28	50	0.0319
28	55	0.0394
28	57	0.0357
28	58	0.0092
28	60	0.0229
28	61	0.0097
28	62	0.0292
28	63	0.0529
28	64	0.0163
28	66	0.0254
28	70	0.0137
28	75	0.0109
28	77	0.0216
28	78	0.0310
28	81	0.0700
28	85	0.0124
28	86	0.0103
28	88	0.0088
28	89	0.0120
28	91	0.0092
28	92	0.0111
28	93	0.0132
28	94	0.0081
28	98	0.0128
28	102	0.0142
28	107	0.0200
28	110	0.0131
28	111	0.0811
28	112	0.0086
28	115	0.2000
28	117	0.0253
28	118	0.0251
28	119	0.0097
28	123	0.0986
28	124	0.1228
29	0	0.0150
29	1	0.0082
29	4	0.0269
29	6	0.0282
29	12	0.0498
29	14	0.0697
29	17	0.0160
29	20	0.0177
29	30	0.0188
29	33	0.0053
29	37	0.0089
29	39	0.0628
29	40	0.0338
29	48	0.0232
29	55	0.0085
29	59	0.0072
29	71	0.0052
29	80	0.0064
29	82	0.0068
29	83	0.0208
29	99	0.0066
30	0	0.0080
30	1	0.0224
30	4	0.0129
30	6	0.0154
30	10	0.0256
30	12	0.1513
30	14	0.3049
30	16	0.0118
30	17	0.0976
30	18	0.0063
30	22	0.1308
30	33	0.5006
30	36	0.0054
30	37	0.0569
30	38	0.0270
30	39	0.4391
30	48	0.1527
30	49	0.0069
30	57	0.0183
30	59	0.0615
30	64	0.0635
30	73	0.0071
30	77	0.0075
30	80	0.0118
30	83	0.0168
30	86	0.0098
30	98	0.2417
30	99	0.0058
30	102	0.0821
30	103	0.0168
30	106	0.0088
30	107	0.1246
30	108	0.0075
30	110	0.0063
30	113	0.0075
30	114	0.0330
30	116	0.1129
30	119	0.1070
30	121	0.3656
31	0	0.3271
31	4	0.0466
31	6	0.4257
31	8	0.0408
31	10	0.1870
31	12	0.1824
31	14	0.1322
31	17	0.0717
31	19	0.0051
31	20	0.0109
31	22	0.1326
31	25	0.0059
31	26	0.0050
31	30	0.2136
31	33	0.2108
31	37	0.0837
31	38	0.0106
31	41	0.1854
31	42	0.0081
31	43	0.0551
31	44	0.0366
31	46	0.0095
31	47	0.0667
31	48	0.0164
31	49	0.0054
31	50	0.0138
31	51	0.0229
31	54	0.0107
31	55	0.0075
31	56	0.0256
31	57	0.0729
31	58	0.0065
31	59	0.0113
31	60	0.0122
31	63	0.0281
31	64	0.0156
31	66	0.0120
31	67	0.2251
31	68	0.0082
31	69	0.0059
31	70	0.0115
31	71	0.0129
31	72	0.0079
31	73	0.0263
31	77	0.0691
31	80	0.0133
31	82	0.0091
31	83	0.0261
31	84	0.0082
31	85	0.0295
31	88	0.0077
31	89	0.0266
31	91	0.0320
31	92	0.0132
31	93	0.0297
31	94	0.0143
31	95	0.0081
31	97	0.0121
31	98	0.0131
31	99	0.0108
31	103	0.0097
31	111	0.0572
31	114	0.0269
31	116	0.0167
31	119	0.0263
31	122	0.0330
32	0	0.5494
32	4	0.0478
32	6	0.6810
32	8	0.0749
32	10	0.3021
32	12	0.1931
32	14	0.1833
32	17	0.1481
32	20	0.0208
32	22	0.1779
32	25	0.0132
32	27	0.0061
32	30	0.2120
32	33	0.2037
32	37	0.1195
32	38	0.0166
32	39	0.0322
32	41	0.1890
32	42	0.0474
32	43	0.1722
32	44	0.0315
32	46	0.0296
32	47	0.1332
32	48	0.0155
32	50	0.0325
32	51	0.0529
32	54	0.0155
32	55	0.0259
32	56	0.0512
32	57	0.0818
32	58	0.0090
32	59	0.0121
32	62	0.0096
32	63	0.3163
32	64	0.0195
32	65	0.0083
32	67	0.3277
32	68	0.0181
32	70	0.1948
32	71	0.0470
32	72	0.0215
32	73	0.0276
32	77	0.0631
32	80	0.0145
32	82	0.0108
32	83	0.0261
32	84	0.0236
32	87	0.0308
32	90	0.0067
32	91	0.0875
32	92	0.0139
32	97	0.0308
32	98	0.0130
32	99	0.0143
32	101	0.0078
32	111	0.0961
32	114	0.0508
32	116	0.0170
32	119	0.0257
32	122	0.0333
33	0	0.0587
33	1	0.0301
33	4	0.0201
33	8	0.0083
33	10	0.0096
33	12	0.1183
33	14	0.1789
33	16	0.0132
33	17	0.2397
33	22	0.0813
33	23	0.0092
33	30	0.6522
33	37	0.0448
33	38	0.0202
33	39	0.2281
33	48	0.1430
33	54	0.0140
33	57	0.0342
33	59	0.0062
33	64	0.2150
33	67	0.0348
33	69	0.0112
33	75	0.0165
33	79	0.0072
33	80	0.0735
33	82	0.4011
33	86	0.0062
33	88	0.0055
33	92	0.0146
33	95	0.0054
33	99	0.0178
33	101	0.0103
33	102	0.0063
33	107	0.0124
33	108	0.0379
33	110	0.0238
33	113	0.0077
33	115	0.0292
33	121	0.2159
33	122	0.0796
33	123	0.2049
34	1	0.0098
34	6	0.0097
34	10	0.0091
34	12	0.0633
34	14	0.0070
34	17	0.0208
34	18	0.0062
34	22	0.0585
34	33	0.0788
34	37	0.0399
34	39	0.0994
34	64	0.0115
34	98	0.0140
34	119	0.0183
34	121	0.0220
35	0	0.3248
35	4	0.0461
35	6	0.3972
35	8	0.0413
35	10	0.1829
35	12	0.1734
35	14	0.1264
35	17	0.0716
35	20	0.0105
35	22	0.1282
35	25	0.0054
35	30	0.2092
35	33	0.2008
35	37	0.0824
35	38	0.0094
35	41	0.1587
35	42	0.0076
35	43	0.0530
35	44	0.0298
35	46	0.0091
35	47	0.0630
35	48	0.0153
35	49	0.0054
35	50	0.0135
35	51	0.0221
35	54	0.0092
35	55	0.0069
35	56	0.0232
35	57	0.0681
35	58	0.0061
35	59	0.0121
35	60	0.0115
35	63	0.0254
35	64	0.0154
35	66	0.0114
35	67	0.2242
35	68	0.0086
35	70	0.0097
35	71	0.0118
35	72	0.0079
35	73	0.0276
35	77	0.0631
35	80	0.0124
35	82	0.0091
35	83	0.0261
35	84	0.0082
35	85	0.0275
35	88	0.0077
35	89	0.0249
35	91	0.0309
35	92	0.0129
35	93	0.0279
35	94	0.0142
35	95	0.0082
35	97	0.0124
35	98	0.0130
35	99	0.0109
35	103	0.0096
35	111	0.0587
35	114	0.0268
35	116	0.0170
35	119	0.0257
35	122	0.0315
36	1	0.0083
36	12	0.0378
36	14	0.0993
36	17	0.0085
36	22	0.0108
36	30	0.2946
36	37	0.0252
36	38	0.0069
36	39	0.0423
36	48	0.0834
36	64	0.0059
36	69	0.0080
36	80	0.0300
36	115	0.0175
36	122	0.0459
36	123	0.1496
37	0	0.0292
37	1	0.1782
37	4	0.0132
37	6	0.0345
37	8	0.0072
37	10	0.0114
37	12	0.1276
37	14	0.0913
37	16	0.0918
37	17	0.0105
37	22	0.0439
37	23	0.0882
37	30	0.0971
37	33	0.0109
37	38	0.0290
37	39	0.0625
37	41	0.0072
37	42	0.0116
37	44	0.0072
37	59	0.0055
37	67	0.0179
37	77	0.0522
37	78	0.0263
37	79	0.0062
37	104	0.0118
37	112	0.0118
37	114	0.0411
37	117	0.0263
38	0	0.0779
38	1	0.0810
38	4	0.0066
38	6	0.0121
38	8	0.0187
38	10	0.0363
38	12	0.0365
38	16	0.0073
38	17	0.0706
38	22	0.0559
38	24	0.0203
38	25	0.0334
38	30	0.5133
38	32	0.0203
38	33	0.2670
38	37	0.3590
38	39	0.0624
38	50	0.0272
38	55	0.0210
38	57	0.0124
38	60	0.0076
38	66	0.0083
38	98	0.0321
38	100	0.2691
38	101	0.0069
38	104	0.0066
38	105	0.0314
38	112	0.0066
38	114	0.0195
38	118	0.0478
39	0	0.0250
39	1	0.0643
39	4	0.0834
39	6	0.0357
39	10	0.0202
39	12	0.0352
39	14	0.0118
39	17	0.2429
39	22	0.0825
39	29	0.0134
39	30	0.1873
39	33	0.1602
39	37	0.1783
39	43	0.0066
39	50	0.0097
39	55	0.0098
39	57	0.0197
39	59	0.0132
39	63	0.0347
39	64	0.2131
39	71	0.0066
39	74	0.0298
39	75	0.0069
39	76	0.0276
39	82	0.1858
39	86	0.0132
39	104	0.0164
39	108	0.0070
39	110	0.0110
39	119	0.1558
40	6	0.0357
40	22	0.0571
40	29	0.0133
40	37	0.0724
40	57	0.0109
40	63	0.0347
41	0	0.0926
41	1	0.1321
41	4	0.0849
41	8	0.0144
41	12	0.1374
41	14	0.1206
41	16	0.0206
41	19	0.0075
41	20	0.0256
41	22	0.0389
41	23	0.0138
41	24	0.0512
41	31	0.0137
41	32	0.0529
41	35	0.0157
41	37	0.2157
41	38	0.0220
41	43	0.0224
41	51	0.0129
41	60	0.0063
41	67	0.0566
41	71	0.0097
41	118	0.2157
42	0	0.0476
42	1	0.1169
42	6	0.0182
42	12	0.0277
42	16	0.0074
42	17	0.1156
42	24	0.0166
42	32	0.0176
42	33	0.0273
42	37	0.2137
42	46	0.0060
42	50	0.0376
42	55	0.1103
42	58	0.0282
42	74	0.0112
42	76	0.0155
42	85	0.0139
42	93	0.0148
42	105	0.0497
43	1	0.5564
43	4	0.0617
43	6	0.4060
43	10	0.0856
43	12	0.0729
43	16	0.0128
43	17	0.0362
43	20	0.0319
43	22	0.0095
43	23	0.0126
43	24	0.3239
43	31	0.0061
43	32	0.3269
43	33	0.0171
43	35	0.0082
43	37	0.0618
43	39	0.1724
43	41	0.0270
43	44	0.0100
43	47	0.0162
43	57	0.0090
43	60	0.0494
43	63	0.0965
43	66	0.0495
43	70	0.0200
43	85	0.0204
43	88	0.0113
43	89	0.0245
43	93	0.0211
43	94	0.0239
43	95	0.0115
43	104	0.0616
43	111	0.2689
44	0	0.0774
44	1	0.0959
44	4	0.0746
44	8	0.0142
44	12	0.1136
44	14	0.1206
44	16	0.0184
44	19	0.0053
44	23	0.0138
44	24	0.0329
44	31	0.0119
44	32	0.0343
44	35	0.0137
44	37	0.2157
44	38	0.0220
44	43	0.0195
44	51	0.0121
44	52	0.0155
44	53	0.0130
44	56	0.0234
44	67	0.0438
44	71	0.0075
44	103	0.0211
44	112	0.0381
44	118	0.2157
45	0	0.0494
45	1	0.0204
45	6	0.0081
45	12	0.0214
45	17	0.0099
45	22	0.0354
45	24	0.0077
45	25	0.0330
45	30	0.1798
45	32	0.0083
45	33	0.1075
45	37	0.2111
45	39	0.0624
45	50	0.0160
45	60	0.0068
45	66	0.0075
45	69	0.0133
45	98	0.0321
45	100	0.1288
46	1	0.7225
46	4	0.0087
46	6	0.0737
46	14	0.0050
46	16	0.0337
46	17	0.2155
46	23	0.0326
46	24	0.0406
46	32	0.0426
46	33	0.0317
46	42	0.0050
46	55	0.0661
46	58	0.0110
46	60	0.0062
46	61	0.0050
46	63	0.0721
46	66	0.0069
46	73	0.0087
46	74	0.4339
46	76	0.4290
46	88	0.0322
46	95	0.0323
46	96	0.0513
46	109	0.0516
47	0	0.1030
47	1	0.5172
47	4	0.0294
47	10	0.1162
47	12	0.0439
47	16	0.0356
47	17	0.0091
47	20	0.0123
47	23	0.0340
47	24	0.2512
47	31	0.0057
47	32	0.2491
47	35	0.0074
47	43	0.0076
47	60	0.0206
47	66	0.0210
47	67	0.0871
47	85	0.0147
47	89	0.0144
47	93	0.0153
47	94	0.0123
47	104	0.0294
47	105	0.0783
47	112	0.0294
48	1	0.0069
48	6	0.0288
48	22	0.0255
48	30	0.7266
48	33	0.4157
48	57	0.0119
48	106	0.0173
48	114	0.0135
48	115	0.3231
48	116	0.3316
48	122	0.2990
49	0	0.2353
49	4	0.0369
49	6	0.0126
49	8	0.0503
49	10	0.0186
49	12	0.1022
49	17	0.0301
49	22	0.0857
49	30	0.0690
49	37	0.0755
49	39	0.0251
49	53	0.0057
49	55	0.0111
49	79	0.0130
49	88	0.0090
50	1	0.4132
50	4	0.0111
50	6	0.0056
50	12	0.0098
50	14	0.0636
50	16	0.0263
50	17	0.2054
50	22	0.0344
50	23	0.0252
50	24	0.0194
50	32	0.0210
50	33	0.0309
50	38	0.0095
50	39	0.2092
50	42	0.0155
50	55	0.0930
50	58	0.0217
50	60	0.0056
50	61	0.0068
50	66	0.0059
50	74	0.1460
50	75	0.0065
50	76	0.1399
50	96	0.0428
50	105	0.1233
50	109	0.0497
50	110	0.0081
50	121	0.2092
51	1	0.4984
51	6	0.1413
51	10	0.0856
51	12	0.0092
51	17	0.0127
51	20	0.0095
51	22	0.0090
51	24	0.2892
51	32	0.2929
51	35	0.0063
51	41	0.0106
51	44	0.0075
51	57	0.0090
51	60	0.0216
51	66	0.0231
51	70	0.0101
51	72	0.0120
51	84	0.0149
51	85	0.0113
51	89	0.0191
51	90	0.0056
51	93	0.0116
51	94	0.0183
51	97	0.0216
51	101	0.0072
51	111	0.0597
52	0	0.0152
52	1	0.0072
52	17	0.0523
52	33	0.0273
52	37	0.0851
52	44	0.0094
52	50	0.0150
52	55	0.0467
52	58	0.0154
52	69	0.0084
53	1	0.0299
53	4	0.0531
53	6	0.1026
53	10	0.0343
53	12	0.1895
53	14	0.0192
53	16	0.0126
53	17	0.0927
53	22	0.0167
53	23	0.0081
53	30	0.0123
53	37	0.0687
53	39	0.1895
53	44	0.0069
53	59	0.0563
53	68	0.0055
53	75	0.0444
53	79	0.0669
53	82	0.0086
53	90	0.0053
53	97	0.0073
53	110	0.0858
54	0	0.0100
54	1	0.0273
54	4	0.0382
54	6	0.0161
54	16	0.0065
54	17	0.0068
54	22	0.0180
54	24	0.0065
54	32	0.0074
54	33	0.0308
54	39	0.1003
54	57	0.0180
54	75	0.0273
54	119	0.0189
55	0	0.1403
55	1	0.2143
55	4	0.0125
55	6	0.0246
55	12	0.0306
55	14	0.0922
55	22	0.1160
55	24	0.0113
55	32	0.0122
55	33	0.0372
55	37	0.0609
55	38	0.0080
55	39	0.0572
55	42	0.0374
55	46	0.0270
55	50	0.0954
55	52	0.0126
55	61	0.0127
55	65	0.0112
55	67	0.0080
55	68	0.0161
55	74	0.0437
55	75	0.0078
55	76	0.0512
55	84	0.0060
55	91	0.0114
55	96	0.0147
55	105	0.1059
55	109	0.0210
55	110	0.0098
55	121	0.0572
56	0	0.0790
56	1	0.3571
56	10	0.1162
56	12	0.0109
56	20	0.0123
56	24	0.2005
56	32	0.1942
56	35	0.0054
56	44	0.0119
56	60	0.0194
56	66	0.0198
56	67	0.0655
56	70	0.0117
56	85	0.0130
56	89	0.0060
56	93	0.0134
57	0	0.0130
57	1	0.0262
57	4	0.0147
57	6	0.0124
57	10	0.0622
57	12	0.2027
57	14	0.2485
57	17	0.0529
57	24	0.0103
57	30	0.0311
57	32	0.0098
57	33	0.1441
57	38	0.0228
57	39	0.0971
57	54	0.0706
57	59	0.0121
57	64	0.0418
57	75	0.0147
57	82	0.0265
57	83	0.0621
57	86	0.0121
57	92	0.0357
57	98	0.0233
57	103	0.0146
57	110	0.0208
57	119	0.1041
57	121	0.0473
58	0	0.1134
58	1	0.1808
58	4	0.0106
58	6	0.0237
58	12	0.0281
58	14	0.0738
58	22	0.1105
58	24	0.0107
58	32	0.0115
58	33	0.0320
58	37	0.0609
58	38	0.0059
58	42	0.0340
58	46	0.0250
58	50	0.0705
58	52	0.0118
58	61	0.0115
58	65	0.0092
58	67	0.0066
58	68	0.0154
58	74	0.0365
58	76	0.0435
58	90	0.0097
58	91	0.0114
58	92	0.0066
58	96	0.0134
58	99	0.0055
58	105	0.0841
58	109	0.0193
59	0	0.0285
59	4	0.0434
59	8	0.0233
59	10	0.0627
59	17	0.0384
59	22	0.0809
59	25	0.0054
59	27	0.0054
59	30	0.0599
59	33	0.0505
59	37	0.0248
59	39	0.2462
59	53	0.0073
59	57	0.0486
59	64	0.0383
59	75	0.0364
59	79	0.0158
59	82	0.0598
59	92	0.0107
59	98	0.0161
59	114	0.0338
59	119	0.0350
59	121	0.1756
60	0	0.1768
60	6	0.1469
60	8	0.0130
60	12	0.0299
60	14	0.0296
60	17	0.0296
60	22	0.0543
60	25	0.0051
60	30	0.0051
60	37	0.0383
60	39	0.0129
60	41	0.0081
60	43	0.0648
60	46	0.0077
60	47	0.0259
60	50	0.0112
60	51	0.0155
60	55	0.0097
60	56	0.0169
60	57	0.0131
60	62	0.0065
60	63	0.0551
60	64	0.0053
60	67	0.0663
60	68	0.0057
60	70	0.0100
60	71	0.0371
60	85	0.0294
60	89	0.0151
60	91	0.0118
60	93	0.0292
60	114	0.0177
61	0	0.0297
61	1	0.0545
61	17	0.0612
61	46	0.0060
61	50	0.0198
61	55	0.0612
61	58	0.0109
61	74	0.0112
61	76	0.0155
61	105	0.0234
62	0	0.0079
62	1	0.0235
62	4	0.0382
62	6	0.0161
62	16	0.0062
62	17	0.0068
62	24	0.0064
62	32	0.0073
62	33	0.0060
62	39	0.1003
62	60	0.0058
62	66	0.0067
62	75	0.0273
63	0	0.0802
63	1	0.7494
63	4	0.0115
63	12	0.0111
63	14	0.0179
63	16	0.0066
63	17	0.0581
63	20	0.0231
63	23	0.0056
63	24	0.4476
63	32	0.4386
63	33	0.0156
63	42	0.0159
63	43	0.0244
63	46	0.0331
63	55	0.0421
63	60	0.0117
63	65	0.0331
63	66	0.0114
63	71	0.0188
63	75	0.0115
63	85	0.4082
63	93	0.4102
63	105	0.1820
63	110	0.0111
64	0	0.0204
64	1	0.0121
64	4	0.0141
64	10	0.0489
64	12	0.0767
64	14	0.0277
64	22	0.1685
64	30	0.1211
64	33	0.2990
64	37	0.0053
64	39	0.3391
64	57	0.0901
64	59	0.0278
64	75	0.0126
64	77	0.0098
64	82	0.1044
64	86	0.0199
64	98	0.1683
64	110	0.0184
64	119	0.1187
64	121	0.3391
64	122	0.0185
65	1	0.6681
65	6	0.0723
65	17	0.0758
65	24	0.0108
65	32	0.0113
65	55	0.0629
65	58	0.0075
65	63	0.0721
65	68	0.0354
65	70	0.0315
65	71	0.0053
65	72	0.0083
65	74	0.4174
65	76	0.4140
65	84	0.0139
65	85	0.0063
65	90	0.0931
65	93	0.0066
65	96	0.0248
65	109	0.0277
66	0	0.1633
66	6	0.1182
66	8	0.0108
66	12	0.0238
66	14	0.0233
66	17	0.0270
66	22	0.0414
66	37	0.0324
66	39	0.0109
66	43	0.0564
66	46	0.0072
66	47	0.0219
66	50	0.0097
66	51	0.0140
66	55	0.0081
66	56	0.0147
66	57	0.0102
66	62	0.0063
66	63	0.0450
66	67	0.0624
66	68	0.0052
66	70	0.0084
66	71	0.0298
66	85	0.0261
66	89	0.0129
66	91	0.0093
66	93	0.0262
66	114	0.0130
67	1	0.1871
67	6	0.0645
67	16	0.0345
67	17	0.1561
67	23	0.0335
67	24	0.0440
67	32	0.0474
67	33	0.0292
67	37	0.0703
67	41	0.0052
67	47	0.0300
67	55	0.0217
67	56	0.0065
67	60	0.0068
67	66	0.0077
67	88	0.0256
67	89	0.0255
67	91	0.0303
67	94	0.0262
67	95	0.0256
68	1	0.3080
68	16	0.0213
68	17	0.1311
68	23	0.0212
68	24	0.0160
68	27	0.0102
68	32	0.0175
68	33	0.0150
68	55	0.0305
68	58	0.0121
68	65	0.0342
68	66	0.0050
68	72	0.0379
68	74	0.1392
68	76	0.1320
68	84	0.0286
68	88	0.0175
68	89	0.0104
68	90	0.0465
68	94	0.0111
68	95	0.0176
68	96	0.0398
68	97	0.0915
68	109	0.0457
69	22	0.0132
69	30	0.1693
69	33	0.1764
70	0	0.0687
70	1	0.7346
70	4	0.0115
70	12	0.0111
70	14	0.0179
70	16	0.0062
70	17	0.0581
70	20	0.0231
70	23	0.0052
70	24	0.4320
70	32	0.4222
70	33	0.0156
70	42	0.0159
70	43	0.0162
70	51	0.0057
70	55	0.0421
70	56	0.0081
70	60	0.0080
70	65	0.0292
70	66	0.0079
70	71	0.0105
70	75	0.0115
70	85	0.3937
70	89	0.0307
70	93	0.3953
70	94	0.0110
70	99	0.0053
70	105	0.1820
70	110	0.0111
71	1	0.0960
71	4	0.0575
71	6	0.3082
71	12	0.0643
71	16	0.0067
71	20	0.0225
71	23	0.0067
71	24	0.0431
71	32	0.0424
71	37	0.0618
71	39	0.1724
71	41	0.0166
71	60	0.0282
71	63	0.0872
71	66	0.0266
71	70	0.0100
71	72	0.0063
71	84	0.0113
71	85	0.0093
71	88	0.0064
71	93	0.0096
71	95	0.0064
71	97	0.0086
71	111	0.2224
72	1	0.1529
72	4	0.0050
72	16	0.0307
72	17	0.1486
72	24	0.0302
72	32	0.0316
72	33	0.0317
72	51	0.0063
72	65	0.0070
72	68	0.0332
72	71	0.0060
72	74	0.0214
72	76	0.0199
72	84	0.0753
72	88	0.0296
72	89	0.0156
72	90	0.0591
72	94	0.0159
72	95	0.0297
72	96	0.0202
72	97	0.0380
72	109	0.0188
73	0	0.0254
73	1	0.0112
73	12	0.0959
73	22	0.0404
73	30	0.0406
73	46	0.0195
73	80	0.0913
73	82	0.0073
73	114	0.0403
74	0	0.2474
74	4	0.0081
74	12	0.0426
74	17	0.0556
74	22	0.0196
74	25	0.0408
74	39	0.2318
74	46	0.1042
74	50	0.0732
74	55	0.0451
74	57	0.0054
74	58	0.0070
74	65	0.0583
74	68	0.0360
74	72	0.0095
74	90	0.0251
74	121	0.2318
75	0	0.0121
75	1	0.0079
75	6	0.0522
75	12	0.2449
75	17	0.0286
75	20	0.0403
75	22	0.0445
75	30	0.0096
75	33	0.0445
75	39	0.0400
75	54	0.0066
75	55	0.0098
75	57	0.0235
75	59	0.0134
75	62	0.0066
75	64	0.0117
75	82	0.0096
75	86	0.0134
75	98	0.0086
75	99	0.0067
75	110	0.1832
75	119	0.0259
75	121	0.0400
76	0	0.2070
76	17	0.0597
76	22	0.0160
76	25	0.0080
76	39	0.2240
76	46	0.0907
76	50	0.0719
76	55	0.0492
76	58	0.0079
76	65	0.0599
76	68	0.0332
76	72	0.0070
76	90	0.0227
76	121	0.2240
77	0	0.0062
77	17	0.0311
77	30	0.0063
77	37	0.0779
77	64	0.0311
78	37	0.5711
78	124	0.5711
79	1	0.0185
79	12	0.0530
79	16	0.0113
79	17	0.0233
79	23	0.0068
79	33	0.1686
79	37	0.1379
79	53	0.0278
79	59	0.0530
80	4	0.0447
80	22	0.1778
80	30	0.0077
80	33	0.0547
80	73	0.0447
80	82	0.0077
80	98	0.0139
80	114	0.1777
80	119	0.0411
81	0	0.0107
81	25	0.0106
81	27	0.0106
82	4	0.0072
82	12	0.0813
82	14	0.0165
82	17	0.0776
82	22	0.0456
82	33	0.3171
82	39	0.3771
82	57	0.0129
82	59	0.0603
82	64	0.0518
82	80	0.0118
82	86	0.0085
82	98	0.2310
82	108	0.0069
82	110	0.0063
82	114	0.0211
82	119	0.0904
82	121	0.3513
83	10	0.0308
83	17	0.0078
83	22	0.0839
83	30	0.2911
83	57	0.0837
84	1	0.0975
84	16	0.0189
84	17	0.1434
84	24	0.0195
84	32	0.0206
84	55	0.0214
84	65	0.0067
84	68	0.0144
84	71	0.0062
84	72	0.0433
84	88	0.0181
84	89	0.0086
84	90	0.0165
84	94	0.0088
84	95	0.0182
84	96	0.0107
84	97	0.0332
84	109	0.0137
85	0	0.0162
85	6	0.3055
85	14	0.0393
85	17	0.0122
85	20	0.0107
85	42	0.0382
85	43	0.0077
85	47	0.0103
85	55	0.0095
85	60	0.0111
85	63	0.2771
85	66	0.0117
85	70	0.1874
85	89	0.0186
85	91	0.0105
85	94	0.0121
86	4	0.0434
86	10	0.0627
86	17	0.0332
86	22	0.0808
86	30	0.0400
86	33	0.0505
86	39	0.2462
86	57	0.0486
86	64	0.0331
86	75	0.0364
86	82	0.0399
86	92	0.0090
86	98	0.0161
86	108	0.0126
86	114	0.0338
86	119	0.0350
86	121	0.1756
87	1	0.0771
87	16	0.0239
87	17	0.0945
87	23	0.0196
87	24	0.0175
87	32	0.0185
88	0	0.2048
88	6	0.0406
88	8	0.0481
88	17	0.0984
88	33	0.0223
88	43	0.0719
88	46	0.0154
88	67	0.0583
88	68	0.0075
88	72	0.0144
88	84	0.0152
88	91	0.0193
88	95	0.1379
88	97	0.0173
89	0	0.1604
89	6	0.1181
89	8	0.0270
89	17	0.0355
89	22	0.0135
89	43	0.0382
89	47	0.0285
89	60	0.0053
89	66	0.0053
89	67	0.0731
89	70	0.0134
89	72	0.0075
89	84	0.0071
89	85	0.0171
89	91	0.0421
89	93	0.0164
89	94	0.1277
89	97	0.0145
90	1	0.0829
90	17	0.0231
90	65	0.0375
90	68	0.0194
90	72	0.0281
90	74	0.0327
90	76	0.0356
90	84	0.0137
90	96	0.0229
90	97	0.0057
90	109	0.0255
91	0	0.0380
91	1	0.2754
91	4	0.0125
91	12	0.0165
91	16	0.0582
91	17	0.0146
91	23	0.0565
91	24	0.0230
91	32	0.0230
91	67	0.0380
91	88	0.0077
91	89	0.0171
91	94	0.0168
91	95	0.0078
91	104	0.0125
91	105	0.1456
91	112	0.0125
92	0	0.0177
92	1	0.0101
92	4	0.0092
92	10	0.0489
92	12	0.0433
92	14	0.0275
92	22	0.1668
92	30	0.0231
92	33	0.0574
92	57	0.0883
92	59	0.0124
92	75	0.0077
92	86	0.0085
92	98	0.0065
92	99	0.0150
92	110	0.0086
92	122	0.0185
93	0	0.0155
93	6	0.2855
93	14	0.0379
93	17	0.0120
93	20	0.0103
93	42	0.0368
93	43	0.0072
93	47	0.0099
93	55	0.0094
93	60	0.0100
93	63	0.2572
93	66	0.0106
93	70	0.1708
93	89	0.0162
93	91	0.0101
93	94	0.0118
94	0	0.1558
94	6	0.1105
94	8	0.0244
94	17	0.0356
94	22	0.0140
94	43	0.0376
94	47	0.0266
94	67	0.0713
94	72	0.0073
94	84	0.0070
94	85	0.0106
94	89	0.1226
94	91	0.0398
94	93	0.0115
94	97	0.0143
95	0	0.1954
95	6	0.0388
95	8	0.0450
95	17	0.0944
95	33	0.0209
95	43	0.0694
95	46	0.0147
95	67	0.0549
95	68	0.0071
95	72	0.0137
95	84	0.0146
95	88	0.1308
95	91	0.0184
95	97	0.0166
96	0	0.1819
96	17	0.0289
96	22	0.0054
96	25	0.0368
96	46	0.0574
96	50	0.0499
96	55	0.0181
96	57	0.0054
96	65	0.0095
96	68	0.0158
96	72	0.0092
96	84	0.0084
96	90	0.0218
96	109	0.1441
97	1	0.0734
97	16	0.0199
97	17	0.0945
97	23	0.0196
97	24	0.0175
97	32	0.0185
97	51	0.0050
97	68	0.0361
97	72	0.0171
97	84	0.0259
97	88	0.0160
97	89	0.0136
97	90	0.0054
97	94	0.0140
97	95	0.0162
98	12	0.0304
98	17	0.1657
98	22	0.0060
98	30	0.3347
98	39	0.0081
98	57	0.0060
98	64	0.1640
98	80	0.0162
98	82	0.3346
98	108	0.0285
98	110	0.0082
98	121	0.0081
99	0	0.0082
99	1	0.0079
99	4	0.0085
99	12	0.0604
99	14	0.0439
99	17	0.0252
99	30	0.0117
99	33	0.0563
99	39	0.0450
99	75	0.0085
99	83	0.0177
99	92	0.0137
99	101	0.0067
99	110	0.0092
100	14	0.0147
100	38	0.0105
101	1	0.0115
101	6	0.0059
101	12	0.0434
101	14	0.0880
101	17	0.0083
101	24	0.0054
101	30	0.0159
101	33	0.0908
101	38	0.0148
101	39	0.0252
101	54	0.0356
101	64	0.0083
101	82	0.0159
101	98	0.0159
101	99	0.0065
101	119	0.0761
101	121	0.0252
102	30	0.5923
102	33	0.1089
102	115	0.2955
103	10	0.0308
103	17	0.0078
103	22	0.0567
103	30	0.2911
103	57	0.0566
104	0	0.0111
104	1	0.0577
104	6	0.0760
104	10	0.0963
104	12	0.0580
104	14	0.0123
104	16	0.0095
104	17	0.0326
104	20	0.0310
104	22	0.0133
104	23	0.0092
104	37	0.1266
104	38	0.0123
104	39	0.0396
104	47	0.0533
104	91	0.0201
105	0	0.0677
105	6	0.1573
105	14	0.0294
105	17	0.1086
105	42	0.0250
105	47	0.0467
105	50	0.0563
105	55	0.0982
105	58	0.0060
105	63	0.0191
105	70	0.0191
105	91	0.0691
106	14	0.0202
106	30	0.0194
106	48	0.0120
107	30	0.2500
107	33	0.0070
107	115	0.1013
107	122	0.1647
108	12	0.0163
108	30	0.0675
108	33	0.1450
108	39	0.1266
108	82	0.0675
108	86	0.0089
108	98	0.0788
108	119	0.0717
108	121	0.1266
109	0	0.1364
109	17	0.0298
109	46	0.0405
109	50	0.0494
109	55	0.0190
109	65	0.0083
109	68	0.0143
109	72	0.0067
109	84	0.0085
109	90	0.0192
109	96	0.1135
110	0	0.0054
110	4	0.0466
110	6	0.0175
110	17	0.0192
110	20	0.0280
110	22	0.0314
110	30	0.0097
110	33	0.0350
110	39	0.0323
110	55	0.0061
110	57	0.0183
110	64	0.0098
110	75	0.0302
110	82	0.0097
110	98	0.0087
110	119	0.0216
110	121	0.0323
111	0	0.0119
111	1	0.0056
111	43	0.0119
111	71	0.0089
112	0	0.0083
112	1	0.0576
112	6	0.0760
112	12	0.0379
112	14	0.0123
112	16	0.0094
112	17	0.0326
112	20	0.0310
112	23	0.0092
112	37	0.1266
112	38	0.0123
112	47	0.0533
112	91	0.0201
113	30	0.1250
113	33	0.1453
113	116	0.1384
114	0	0.0211
114	1	0.0080
114	4	0.0090
114	8	0.0142
114	12	0.2550
114	14	0.0154
114	17	0.0202
114	30	0.0389
114	37	0.1691
114	73	0.0073
114	80	0.1193
114	82	0.0065
114	122	0.0326
115	14	0.1472
115	33	0.0392
115	48	0.0886
115	102	0.0624
115	107	0.0641
116	14	0.0504
116	30	0.0594
116	48	0.0494
116	122	0.0169
117	37	0.5711
117	124	0.5711
118	6	0.0072
118	14	0.0575
118	38	0.0061
118	41	0.0072
118	44	0.0072
119	0	0.0126
119	4	0.0077
119	10	0.0082
119	12	0.0492
119	17	0.0648
119	22	0.0586
119	30	0.0846
119	39	0.1875
119	54	0.0067
119	57	0.0175
119	64	0.0450
119	75	0.0077
119	80	0.0292
119	82	0.0846
119	101	0.0057
119	108	0.0079
119	110	0.0110
119	121	0.1875
120	14	0.0284
121	0	0.0109
121	1	0.0569
121	4	0.0669
121	12	0.0189
121	17	0.2417
121	22	0.0117
121	30	0.1811
121	33	0.1579
121	50	0.0097
121	55	0.0098
121	59	0.0074
121	64	0.2131
121	74	0.0298
121	75	0.0069
121	76	0.0276
121	82	0.1809
121	86	0.0074
121	108	0.0070
121	110	0.0110
121	119	0.1558
122	6	0.0053
122	14	0.1094
122	22	0.0122
122	33	0.0679
122	48	0.0473
122	107	0.0621
122	114	0.0122
122	116	0.0372
123	14	0.0129
123	33	0.0289
124	6	0.0263
124	78	0.0263
124	117	0.0263
