index	id	part	count	fr_scr_sum	fr_p_add	to_scr_sum	to_p_add	count_agg	fr_sum	to_sum
0	TA0043_Any_Any	0.833701	 32	 21.759237	 1.0	 50.754865	 1.0	 3795.0	 9.56242	 23.40386
1	TA0042_Any_Any	0.719176	 37	 29.183764	 1.0	 63.324688	 1.0	 6043.0	 14.71986	 23.80138
2	TA0043_None_None	0.62819	 1	 0.42653	 0.352862	 4.053675	 0.988222	 219.0	 0.40107	 1.91157
3	TA0042_None_None	0.619641	 1	 0.228426	 0.207886	 0.652551	 0.486539	 25.0	 0.21539	 0.50542
4	TA0009_Any_Any	0.582866	 21	 10.904476	 0.999999	 7.451063	 0.999869	 754.0	 6.79484	 3.64513
5	TA0009_None_None	0.577331	 1	 0.471662	 0.381997	 2.890675	 0.956824	 156.0	 0.45544	 1.61229
6	TA0011_Any_Any	0.567247	 33	 19.067735	 1.0	 20.317162	 1.0	 1572.0	 11.72255	 9.6095
7	TA0011_None_None	0.548758	 1	 0.468168	 0.379848	 7.214424	 0.999869	 235.0	 0.42128	 2.62671
8	TA0043_T1592_Any	0.51119	 5	 3.439814	 0.977126	 16.346688	 1.0	 904.0	 1.39222	 10.92552
9	TA0043_T1592_002	0.506254	 1	 0.1179	 0.111607	 18.766813	 1.0	 631.0	 0.0426	 10.42967
10	TA0040_Any_Any	0.408753	 17	 9.165752	 0.999992	 5.143667	 0.998797	 423.0	 5.00126	 1.43358
11	TA0040_None_None	0.405462	 1	 0.437854	 0.359437	 2.21554	 0.923096	 104.0	 0.41934	 0.77536
12	TA0006_Any_Any	0.375617	 47	 20.6302	 1.0	 13.760712	 1.0	 1739.0	 12.94621	 5.02665
13	TA0006_None_None	0.358599	 1	 0.435574	 0.358063	 1.713837	 0.835564	 127.0	 0.4123	 0.8403
14	TA0002_Any_Any	0.262238	 32	 15.845055	 1.0	 24.632534	 1.0	 2141.0	 7.84639	 9.21017
15	TA0002_None_None	0.220965	 1	 0.431863	 0.354393	 11.864448	 1.0	 403.0	 0.35192	 4.51475
16	TA0042_T1588_Any	0.140751	 7	 4.736638	 0.995153	 24.639615	 1.0	 1524.0	 2.04431	 12.34452
17	TA0001_Any_Any	0.100307	 17	 13.393819	 1.0	 10.677448	 0.999995	 1859.0	 9.01734	 5.42533
18	TA0001_None_None	0.08717	 1	 0.525687	 0.414741	 2.037901	 0.886465	 264.0	 0.48538	 0.96306
19	TA0042_T1588_002	0.084214	 1	 0.457771	 0.371451	 15.310151	 1.0	 527.0	 0.2629	 7.99228
20	TA0010_Any_Any	0.065914	 5	 4.464148	 0.995489	 3.349789	 0.984349	 180.0	 1.4658	 0.6866
21	TA0010_None_None	0.065104	 1	 0.467562	 0.379249	 2.199608	 0.921267	 91.0	 0.43591	 0.52119
22	TA0008_Any_Any	0.053117	 21	 14.251946	 1.0	 7.935092	 0.999934	 1200.0	 9.46516	 2.93792
23	TA0042_T1587_Any	0.05108	 5	 3.598692	 0.981344	 8.827107	 0.999961	 753.0	 1.39467	 4.76137
24	TA0042_T1584_Any	0.050628	 7	 9.110858	 0.999996	 12.679185	 1.0	 1208.0	 4.34146	 5.78452
25	TA0043_T1589_Any	0.048256	 3	 2.168813	 0.908999	 10.743739	 1.0	 432.0	 0.4584	 8.57301
26	TA0042_T1588_001	0.047636	 1	 0.36877	 0.31137	 8.727102	 0.999927	 474.0	 0.1726	 3.81054
27	TA0043_T1589_001	0.047161	 1	 0.516313	 0.406535	 17.405749	 1.0	 486.0	 0.24355	 8.96539
28	TA0042_T1587_001	0.045089	 1	 0.377012	 0.317111	 8.813913	 0.999935	 474.0	 0.1697	 3.82755
29	TA0008_None_None	0.044846	 1	 0.447225	 0.364397	 1.285708	 0.734519	 209.0	 0.40799	 0.44577
30	TA0004_Any_Any	0.043314	 45	 24.14473	 1.0	 11.097766	 1.0	 1359.0	 14.79286	 3.29161
31	TA0042_T1584_004	0.039298	 1	 0.454204	 0.368628	 8.888952	 0.999971	 518.0	 0.24876	 3.50438
32	TA0042_T1583_Any	0.038042	 7	 9.096983	 0.999996	 12.565987	 1.0	 1210.0	 4.33122	 5.4373
33	TA0003_Any_Any	0.037626	 45	 22.930743	 1.0	 12.254498	 1.0	 1442.0	 13.73035	 3.34671
34	TA0004_None_None	0.0332	 1	 0.584711	 0.4492	 2.50118	 0.939908	 205.0	 0.53193	 0.46829
35	TA0042_T1583_004	0.027789	 1	 0.538772	 0.420529	 8.624094	 0.99996	 518.0	 0.27957	 3.3453
36	TA0003_None_None	0.027227	 1	 0.493059	 0.393343	 5.476855	 0.999018	 259.0	 0.39519	 0.87418
37	TA0005_Any_Any	0.023804	 40	 18.713578	 1.0	 4.176836	 0.992383	 783.0	 13.60726	 1.15154
38	TA0002_T1059_Any	0.022164	 8	 3.550853	 0.981765	 4.516372	 0.994028	 542.0	 1.53865	 2.17501
39	TA0007_Any_Any	0.020249	 18	 15.009246	 1.0	 5.797199	 0.999175	 572.0	 10.38899	 1.90702
40	TA0007_None_None	0.017715	 1	 0.483653	 0.387922	 2.624638	 0.961547	 116.0	 0.42755	 0.2242
41	TA0011_T1090_Any	0.016229	 5	 4.537457	 0.995968	 2.106457	 0.899385	 185.0	 2.763	 1.3834
42	TA0002_T1204_Any	0.01516	 4	 2.245817	 0.922112	 1.908171	 0.869123	 262.0	 1.01639	 0.89571
43	TA0043_T1590_Any	0.012987	 6	 5.319838	 0.998014	 4.649585	 0.995905	 429.0	 1.97916	 2.92258
44	TA0011_T1090_None	0.012746	 1	 0.88277	 0.596324	 2.856396	 0.952337	 128.0	 0.74773	 1.27388
45	TA0002_T1059_001	0.01235	 1	 0.310143	 0.268947	 2.377906	 0.919018	 142.0	 0.1465	 0.95884
46	TA0043_T1593_Any	0.009267	 3	 2.761422	 0.952772	 5.175003	 0.998784	 284.0	 1.03561	 2.41798
47	TA0011_T1071_Any	0.008808	 3	 2.064681	 0.893248	 2.705254	 0.955404	 231.0	 1.43742	 1.7443
48	TA0002_T1053_Any	0.008665	 7	 4.95852	 0.998324	 4.245714	 0.996774	 277.0	 1.79704	 2.19984
49	TA0042_T1588_006	0.008468	 1	 0.5386	 0.425731	 1.690438	 0.830671	 118.0	 0.3542	 0.78
50	TA0043_T1598_Any	0.00806	 4	 3.330793	 0.975273	 3.660062	 0.984736	 328.0	 1.56136	 1.95858
51	TA0043_T1590_002	0.007903	 1	 0.695905	 0.510073	 3.085658	 0.970798	 159.0	 0.46556	 1.61721
52	TA0002_T1204_002	0.007776	 1	 0.3847	 0.325428	 0.737385	 0.533217	 73.0	 0.24489	 0.28207
53	TA0043_T1592_001	0.006804	 1	 0.666778	 0.500239	 2.51255	 0.927485	 189.0	 0.27758	 1.11632
54	TA0006_T1110_Any	0.00675	 5	 1.697959	 0.841252	 0.929405	 0.631278	 140.0	 1.42276	 0.33225
55	TA0001_T1566_Any	0.006688	 4	 3.541687	 0.977358	 2.608271	 0.935694	 418.0	 2.42754	 1.36646
56	TA0011_T1071_004	0.006478	 1	 0.67285	 0.498639	 2.261258	 0.914712	 154.0	 0.47591	 1.1363
57	TA0008_T1021_Any	0.005994	 7	 4.809465	 0.994909	 4.530234	 0.995646	 561.0	 3.33275	 1.43346
58	TA0001_T1566_None	0.00594	 1	 0.596954	 0.45363	 2.228313	 0.902227	 224.0	 0.44561	 1.07607
59	TA0006_T1003_Any	0.005664	 8	 3.681933	 0.986924	 1.785732	 0.849998	 246.0	 3.08696	 1.14674
60	TA0042_T1584_001	0.005658	 1	 0.948691	 0.621509	 2.381683	 0.917419	 266.0	 0.56073	 1.00352
61	TA0002_T1204_001	0.005581	 1	 0.232938	 0.20929	 0.605865	 0.460803	 83.0	 0.16255	 0.29356
62	TA0006_T1110_None	0.005076	 1	 0.475766	 0.384102	 0.928248	 0.617907	 102.0	 0.3725	 0.25868
63	TA0011_T1102_Any	0.005063	 3	 3.738063	 0.988229	 3.376743	 0.989701	 146.0	 3.10555	 3.07861
64	TA0001_T1078_Any	0.004953	 5	 3.511177	 0.977037	 3.337821	 0.974618	 430.0	 2.50054	 2.06062
65	TA0043_T1593_001	0.004851	 1	 0.994519	 0.642658	 3.959307	 0.993294	 112.0	 0.60903	 2.06505
66	TA0042_T1583_001	0.004794	 1	 0.960626	 0.626336	 2.04282	 0.88089	 266.0	 0.56223	 0.83767
67	TA0043_T1596_Any	0.004763	 6	 6.464981	 0.999618	 2.350883	 0.92676	 367.0	 3.4358	 0.8777
68	TA0043_T1598_None	0.004677	 1	 1.292366	 0.745727	 3.287908	 0.974259	 156.0	 0.65885	 1.23985
69	TA0002_T1053_005	0.004529	 1	 0.454999	 0.372004	 1.941312	 0.894123	 66.0	 0.20554	 0.35893
70	TA0011_T1102_None	0.004501	 1	 1.898388	 0.880143	 3.745442	 0.992277	 136.0	 1.67599	 2.99025
71	TA0043_T1590_005	0.004291	 1	 0.736288	 0.529179	 2.956502	 0.959012	 136.0	 0.50453	 1.33071
72	TA0043_T1593_None	0.004105	 1	 0.917594	 0.615158	 2.662102	 0.948563	 151.0	 0.48997	 0.82694
73	TA0009_T1213_Any	0.003836	 3	 1.421489	 0.775401	 0.849256	 0.590545	 101.0	 0.99741	 0.3719
74	TA0042_T1586_Any	0.003591	 3	 3.512048	 0.986582	 2.270153	 0.916629	 193.0	 2.53196	 1.24153
75	TA0009_T1056_Any	0.003355	 4	 3.087939	 0.973019	 2.650761	 0.955736	 211.0	 1.51769	 0.88357
76	TA0042_T1585_Any	0.003314	 3	 3.584945	 0.987399	 2.059139	 0.893498	 183.0	 2.47422	 1.08115
77	TA0006_T1552_Any	0.00308	 8	 5.061618	 0.998889	 1.668951	 0.897154	 140.0	 3.65932	 0.1526
78	TA0011_T1001_Any	0.003	 3	 1.173077	 0.724957	 1.457514	 0.869523	 42.0	 0.46101	 1.1422
79	TA0043_T1592_003	0.002831	 1	 0.571266	 0.444875	 1.171976	 0.710455	 83.0	 0.27737	 0.50025
80	TA0006_T1558_Any	0.002757	 4	 2.498667	 0.930515	 1.571284	 0.815206	 149.0	 1.24626	 0.56995
81	TA0006_T1555_Any	0.002445	 4	 2.413457	 0.957906	 0.135674	 0.129132	 55.0	 2.31058	 0.03194
82	TA0004_T1078_Any	0.002386	 5	 3.748542	 0.98414	 2.65304	 0.950364	 317.0	 2.81284	 1.77443
83	TA0002_T1559_Any	0.00238	 3	 1.645591	 0.826258	 1.066173	 0.684315	 141.0	 0.62278	 0.49728
84	TA0043_T1596_None	0.002361	 1	 1.105476	 0.687027	 2.106586	 0.899815	 129.0	 0.53427	 0.51995
85	TA0042_T1584_006	0.002142	 1	 2.234776	 0.928282	 1.690725	 0.84326	 113.0	 1.70679	 0.97815
86	TA0006_T1003_None	0.002065	 1	 0.55567	 0.429242	 2.146329	 0.8959	 135.0	 0.31512	 0.99677
87	TA0043_T1595_Any	0.002029	 2	 1.250838	 0.754401	 0.897649	 0.62501	 79.0	 0.58755	 0.25101
88	TA0042_T1588_None	0.001989	 1	 1.206392	 0.719542	 1.607622	 0.816474	 139.0	 0.64721	 0.7713
89	TA0042_T1584_None	0.001968	 1	 1.476361	 0.791677	 1.752967	 0.843854	 142.0	 0.74497	 0.75067
90	TA0043_T1594_None	0.001953	 1	 1.07666	 0.684678	 1.305076	 0.756483	 96.0	 0.49325	 0.32717
91	TA0011_T1573_Any	0.001953	 3	 2.32806	 0.920613	 1.830219	 0.861193	 176.0	 1.35158	 0.77573
92	TA0001_T1078_None	0.001949	 1	 0.667668	 0.491146	 1.166914	 0.698836	 184.0	 0.46946	 0.56946
93	TA0042_T1583_006	0.001945	 1	 2.260812	 0.930543	 1.587967	 0.822246	 113.0	 1.71949	 0.91139
94	TA0042_T1583_None	0.001891	 1	 1.266884	 0.73711	 1.67075	 0.82877	 142.0	 0.62278	 0.68914
95	TA0042_T1587_None	0.001887	 1	 1.102571	 0.687367	 1.503801	 0.794157	 139.0	 0.58363	 0.73458
96	TA0042_T1586_None	0.00186	 1	 0.978193	 0.641786	 1.164773	 0.707744	 83.0	 0.67421	 0.59263
97	TA0043_T1595_None	0.001843	 1	 1.097624	 0.685107	 1.43206	 0.781767	 119.0	 0.60555	 0.39266
98	TA0003_T1136_Any	0.001799	 4	 3.514711	 0.979074	 3.494869	 0.988402	 204.0	 2.26527	 1.11061
99	TA0008_T1021_None	0.001784	 1	 0.624235	 0.468064	 1.35119	 0.756788	 160.0	 0.36512	 0.32291
100	TA0004_T1574_Any	0.00176	 9	 3.967506	 0.991164	 1.599348	 0.860903	 125.0	 1.84136	 0.02525
101	TA0008_T1021_004	0.001734	 1	 0.494358	 0.394206	 2.3562	 0.939027	 143.0	 0.18628	 0.49268
102	TA0002_T1053_004	0.001716	 1	 0.678353	 0.502758	 2.760204	 0.963416	 59.0	 0.29784	 0.99665
103	TA0002_T1559_001	0.00171	 1	 0.504726	 0.400963	 1.150836	 0.716457	 80.0	 0.28064	 0.44296
104	TA0009_T1557_Any	0.001658	 3	 1.642421	 0.829314	 1.127973	 0.69033	 103.0	 1.38606	 0.65881
105	TA0042_T1608_Any	0.001604	 4	 6.735127	 0.999729	 1.705129	 0.837421	 202.0	 3.23431	 0.70236
106	TA0003_T1543_Any	0.001558	 4	 1.881101	 0.921801	 1.002505	 0.737237	 38.0	 0.12906	 0.05152
107	TA0002_T1569_Any	0.001551	 3	 2.272354	 0.925921	 0.974246	 0.651605	 68.0	 0.74092	 0.52298
108	TA0001_T1078_003	0.001467	 1	 0.389525	 0.326144	 1.280676	 0.739287	 72.0	 0.2586	 0.70911
109	TA0042_T1585_None	0.001465	 1	 1.103692	 0.689618	 0.86683	 0.595823	 72.0	 0.74992	 0.44567
110	TA0006_T1056_Any	0.001419	 3	 2.488804	 0.931172	 0.680782	 0.500369	 197.0	 1.70339	 0.36168
111	TA0011_T1568_Any	0.001354	 4	 3.536625	 0.985435	 0.305029	 0.272633	 84.0	 1.76694	 0.03836
112	TA0009_T1557_None	0.001281	 1	 0.574479	 0.441548	 1.097304	 0.678201	 91.0	 0.40137	 0.48654
113	TA0002_T1053_003	0.001268	 1	 0.572966	 0.458453	 1.110617	 0.693472	 38.0	 0.32933	 0.40874
114	TA0008_T1550_Any	0.001251	 5	 2.88984	 0.959594	 1.228154	 0.734375	 156.0	 2.32395	 0.71654
115	TA0004_T1543_Any	0.001243	 5	 3.894572	 0.989204	 1.235014	 0.739609	 99.0	 3.01219	 0.40156
116	TA0003_T1053_Any	0.001227	 6	 3.500573	 0.984189	 0.56756	 0.452167	 97.0	 2.15352	 0.17611
117	TA0011_T1001_001	0.001187	 1	 0.589357	 0.458686	 1.95507	 0.935749	 21.0	 0.33204	 1.1422
118	TA0005_T1218_Any	0.001176	 3	 2.694739	 0.950954	 0.31292	 0.274517	 67.0	 2.2553	 0.08502
119	TA0003_T1078_Any	0.001158	 5	 5.140424	 0.998061	 2.283031	 0.920073	 284.0	 2.72742	 0.87584
120	TA0004_T1546_Any	0.001073	 5	 1.803077	 0.886728	 0.678238	 0.518976	 38.0	 0.90393	 0.0284
121	TA0007_T1087_Any	0.001	 5	 6.369507	 0.999415	 2.222545	 0.909411	 196.0	 5.10161	 1.4126
122	TA0004_T1053_Any	0.000814	 5	 3.728341	 0.988313	 1.025712	 0.671785	 164.0	 2.41508	 0.3537
123	TA0004_T1547_Any	0.000731	 7	 4.049679	 0.992378	 0.062514	 0.061194	 67.0	 3.05541	 0.04181
124	TA0005_T1027_Any	0.000561	 4	 3.571176	 0.991066	 0.176521	 0.164781	 36.0	 3.50881	 0.07879
